0.474008
0.823154
0.610675
0.96769
0.869673
1.01299
1.00254
0.333739
0.861604
0.960334
0.65006
0.903685
0.675711
0.529136
0.455025
0.47516
0.568819
0.699665
0.77404
0.246294
0.248697
0.682978
0.318539
0.127255
0.267896
1.08898
0.744175
0.676453
0.0976531
0.51791
0.957724
0.964067
0.252155
0.889986
0.706899
0.227506
0.662466
0.247611
0.281245
0.669216
0.0972591
0.559676
0.717765
0.554658
1.01073
0.641519
1.03819
1.08623
0.431839
0.641373
0.662769
0.934653
0.4983
0.966863
0.848519
0.837425
0.624179
0.584465
0.344328
0.591538
0.739387
0.368678
0.468417
0.308292
0.126551
0.674588
0.0455333
0.218178
0.96026
0.535976
0.731213
0.133536
0.588025
0.551245
0.281443
0.41746
0.458777
0.120245
0.910434
0.399919
0.876717
0.905525
0.013618
0.866301
0.84899
0.794447
0.847454
0.552507
0.205568
0.388908
0.115068
0.635977
0.332332
0.483026
0.199742
0.801754
0.531863
0.288449
0.204014
0.362314
0.474405
0.53469
0.399051
0.552053
0.537605
0.376282
0.624466
0.506695
0.394253
0.583805
0.582589
0.204574
0.203297
0.0376587
0.333387
0.396588
0.420818
0.557619
0.421912
0.238819
0.396174
0.489314
0.409264
0.615622
0.377324
0.609699
0.388577
0.491858
0.496046
0.770203
0.674183
0.418539
0.236326
0.256515
0.275434
0.309143
0.408465
0.221982
0.397182
0.581122
0.246265
0.356718
0.537719
0.411181
0.576209
0.61605
0.328981
0.480873
0.316135
0.514032
0.320532
0.498985
0.412375
0.44343
0.311555
0.333991
0.143967
0.117785
0.370885
0.215357
0.208994
0.707185
0.577208
0.312806
0.496359
0.630731
0.488034
0.421783
0.434216
0.363207
0.114247
0.342724
0.56734
0.295967
0.414957
0.505771
0.441771
0.0919493
0.533195
0.446962
0.464183
0.443769
0.384796
0.655233
0.617068
0.0919444
0.369524
0.20303
0.564177
0.198028
0.493324
0.340513
0.442816
0.345475
0.0591306
0.273315
0.344376
0.540772
0.196493
0.0781894
0.190505
0.179733
0.623172
0.524155
0.145959
0.395851
0.400052
0.634268
0.464109
0.406915
0.37749
0.579594
0.555167
0.510006
0.848467
0.780632
0.144804
0.745557
0.811744
0.68513
0.323245
0.241121
0.672195
0.730374
0.792709
0.134766
0.671621
0.990121
0.204505
0.133379
0.596241
0.220733
0.61266
0.763613
0.296452
0.754871
0.717971
0.195879
0.616568
0.262924
0.626156
0.215326
0.269025
0.520028
0.522201
0.472702
0.199806
0.460363
0.148044
0.355979
0.208307
0.320403
0.569131
0.478826
0.260075
0.237704
0.48303
0.398093
1.01016
0.912002
0.251177
0.850663
0.946823
0.236288
0.537582
0.356897
0.722625
0.262771
0.602229
0.846302
0.619016
0.727877
0.830889
0.0977192
0.452566
0.336718
0.297897
0.814867
0.149789
0.0302769
0.640655
0.526659
0.273809
0.676214
0.544086
0.899407
0.191033
0.741442
0.492297
0.743372
0.269768
0.314497
0.63168
0.657478
0.559123
0.618334
0.672426
0.681691
0.277442
0.258472
0.607426
0.146853
0.349946
0.108933
0.678232
0.274532
0.511495
0.803459
0.869476
0.881918
0.475331
0.742433
0.429665
0.762088
0.518612
0.349317
0.862403
0.313834
0.140563
0.522954
0.921523
0.63394
0.354614
0.636366
0.725581
0.522085
0.452054
0.325834
0.375508
0.751061
0.648801
0.608252
0.188761
0.604414
0.821796
0.8035
0.883839
0.69623
0.778503
0.191592
0.0358017
0.785918
0.509925
0.157976
0.670037
0.815236
0.400393
0.22417
0.806052
0.417649
0.515807
0.314584
0.312129
0.266544
0.625096
0.62468
0.289769
0.655117
0.602079
0.772766
0.0754319
0.215637
0.599844
0.513929
0.808794
0.452246
0.72799
0.840834
0.538507
0.633646
0.517369
0.355062
0.801476
0.611585
0.468487
0.569949
0.195808
0.242977
0.444499
0.405285
0.631772
0.616491
0.406933
0.33178
0.149784
0.426553
0.726496
0.500002
0.635341
0.411052
0.226937
0.138096
0.162763
0.718564
0.448471
0.0901144
0.416998
0.294898
0.629061
0.658312
0.520417
0.556293
0.775828
0.749443
0.698624
0.95128
0.956542
0.296271
0.928115
0.935942
0.789406
0.371587
0.254216
0.667746
0.871238
0.986918
0.136066
0.576109
1.10396
0.355106
0.324995
0.74133
0.3085
0.736796
0.942756
0.492849
0.910327
0.747708
0.392082
0.812552
0.348618
0.82241
0.154518
0.244354
0.603655
0.53082
0.6683
0.0504011
0.533013
0.182688
0.529562
0.159185
0.377859
0.765547
0.629293
0.446376
0.255927
0.605559
0.508418
1.11449
1.042
0.309561
1.00011
1.06205
0.351079
0.582077
0.344518
0.881217
0.4486
0.798144
0.942218
0.808546
0.920154
0.956209
0.196011
0.626639
0.24243
0.451517
0.961097
0.10316
0.193051
0.597565
0.456752
0.442775
0.797561
0.728259
1.03008
0.340236
0.826886
0.563262
0.857264
0.451889
0.495034
0.807995
0.783558
0.167173
0.144922
0.689279
0.598116
0.149652
0.473809
0.46787
0.712401
0.467545
0.471448
0.407695
0.572131
0.529843
0.473403
0.910729
0.806671
0.209263
0.765132
0.867185
0.748246
0.248548
0.318861
0.750286
0.779527
0.792505
0.11584
0.743746
1.0481
0.135131
0.163021
0.644995
0.296106
0.670132
0.786694
0.286289
0.796079
0.794137
0.188289
0.610608
0.18517
0.609291
0.1874
0.217034
0.589947
0.600184
0.452976
0.24572
0.533012
0.102189
0.303107
0.278226
0.39687
0.55967
0.526907
0.286427
0.315598
0.543093
0.463736
1.07107
0.964433
0.328576
0.894411
1.00457
0.158604
0.613193
0.434613
0.762257
0.28964
0.596826
0.910493
0.630388
0.732945
0.885753
0.0458217
0.485151
0.405125
0.231844
0.860599
0.211602
0.0519056
0.718045
0.601319
0.31729
0.733951
0.56425
0.951644
0.252059
0.80891
0.564836
0.80301
0.225524
0.345288
0.658979
0.713679
0.0317359
0.79783
0.584349
0.0650107
0.526335
0.432494
0.751166
0.634608
0.586473
0.565364
0.738476
0.689434
0.625212
1.0274
0.967634
0.331021
0.929071
0.997517
0.863803
0.234866
0.35887
0.789998
0.919562
0.959575
0.0560105
0.714111
1.17335
0.261569
0.318289
0.785771
0.382733
0.797619
0.949149
0.453114
0.945374
0.858832
0.355438
0.777151
0.22193
0.772677
0.0258092
0.108966
0.688343
0.647153
0.616102
0.1845
0.622351
0.0730882
0.441453
0.277272
0.470497
0.725624
0.668746
0.445591
0.358623
0.666611
0.576288
1.19021
1.09946
0.398475
1.04098
1.13037
0.236515
0.685316
0.463425
0.913096
0.448554
0.763479
1.02252
0.796576
0.900045
1.01702
0.12168
0.64148
0.378072
0.350893
1.00488
0.204756
0.167424
0.729126
0.591892
0.464257
0.860669
0.727625
1.08699
0.378083
0.912598
0.653941
0.925785
0.378273
0.502293
0.819039
0.8432
0.796375
0.604421
0.0792633
0.53503
0.454734
0.763499
0.611878
0.582751
0.549124
0.713195
0.661144
0.595516
1.02444
0.950126
0.323489
0.909739
0.990927
0.860832
0.20889
0.367915
0.802296
0.910045
0.935351
0.0491177
0.736941
1.16834
0.231016
0.302031
0.775833
0.383372
0.791471
0.930785
0.428742
0.932826
0.86676
0.3326
0.752066
0.19117
0.745545
0.0434311
0.0971076
0.688827
0.657595
0.589024
0.206324
0.624477
0.0448193
0.41073
0.291749
0.474731
0.699992
0.65825
0.428471
0.36712
0.661142
0.573092
1.18682
1.09164
0.402604
1.02946
1.12518
0.204781
0.691214
0.47579
0.899959
0.431548
0.73854
1.02069
0.775278
0.877098
1.01019
0.0991635
0.625912
0.39856
0.319457
0.994106
0.217641
0.153669
0.745999
0.611354
0.45152
0.854851
0.708624
1.07907
0.370228
0.912531
0.656265
0.921115
0.349352
0.486204
0.801939
0.836597
0.531937
0.736467
0.338938
0.592419
0.345189
0.546365
0.218105
0.403297
0.648973
0.748302
0.789411
0.232871
0.492449
0.480339
0.527765
0.244855
0.0763559
0.934574
0.469515
0.35067
0.249767
0.710875
0.747613
0.630329
0.389264
0.756681
0.544023
0.215043
0.415823
0.118536
0.5082
0.596089
0.341257
0.255124
0.596085
0.655674
0.862473
0.732809
0.823587
0.890542
0.117604
0.30917
0.678483
0.67665
0.191084
0.770466
0.785231
0.568214
0.342776
0.657267
0.24978
0.47242
0.466399
0.162245
0.225564
0.395956
0.353506
0.409008
0.378548
0.349315
0.81943
0.203591
0.424949
0.339942
0.469221
0.645387
0.224794
0.535328
0.632803
0.265374
0.720311
0.367156
0.576462
0.80631
0.335276
0.61591
0.652968
0.461742
0.517209
0.404687
0.129513
0.451257
0.344156
0.437525
0.121365
0.166082
0.153602
0.710579
0.427694
0.415923
0.140491
0.525274
0.235878
0.15799
0.251067
0.82272
0.460446
0.661357
0.95439
0.989999
0.978235
0.733036
0.966486
0.475523
0.97381
0.775574
0.605861
0.809855
0.294587
0.281733
0.769976
1.10955
0.564999
0.152365
0.893589
0.728601
0.569002
0.681174
0.376309
0.618509
0.96948
0.736396
0.848611
0.40792
0.661714
0.980343
0.77005
1.02708
0.602717
0.692396
0.430781
0.224136
0.901959
0.400002
0.37118
0.610161
0.864055
0.321902
0.312975
0.952488
0.618015
0.61865
0.300038
0.527146
0.447858
0.87934
0.882498
0.329975
0.905036
0.860069
0.754922
0.328808
0.194984
0.835109
0.618176
0.966098
0.708673
0.911613
1.02993
0.795708
0.594331
0.692892
0.206298
0.820292
0.861308
0.394853
0.546358
0.165103
0.0163827
0.561206
0.656395
0.814029
0.874034
0.478693
0.58928
0.380482
0.683521
0.77265
0.627444
0.842523
0.658543
0.461327
0.376505
0.68669
0.606268
0.527246
0.523104
0.716975
0.679337
0.622458
0.966976
0.926283
0.277425
0.891494
0.940391
0.803514
0.286189
0.293863
0.725517
0.865846
0.934066
0.0459829
0.658858
1.11455
0.26953
0.279034
0.732832
0.320723
0.740292
0.909519
0.431009
0.895714
0.793839
0.330553
0.754859
0.258838
0.757449
0.08944
0.172546
0.625831
0.582253
0.601517
0.128715
0.559016
0.0926489
0.447044
0.21343
0.406408
0.705319
0.616855
0.406021
0.293644
0.608847
0.516624
1.13003
1.04354
0.334531
0.989699
1.07178
0.261311
0.620615
0.398887
0.864377
0.408727
0.740787
0.961258
0.763849
0.871149
0.960112
0.111638
0.597582
0.319597
0.364806
0.952658
0.140141
0.130297
0.666992
0.532122
0.416718
0.802923
0.689994
1.0312
0.324368
0.850243
0.590483
0.86688
0.374144
0.460203
0.777284
0.786275
0.254903
0.239441
0.596568
0.225189
0.431723
0.727133
0.774761
0.774838
0.565214
0.733903
0.294722
0.738619
0.580948
0.415215
0.71629
0.167467
0.276817
0.554545
0.874537
0.487161
0.376579
0.725388
0.585787
0.39012
0.453319
0.187655
0.402547
0.735423
0.535
0.625378
0.33263
0.477648
0.750943
0.658774
0.802876
0.550395
0.631931
0.223485
0.126382
0.68802
0.368909
0.152342
0.523217
0.688475
0.257834
0.0924427
0.726698
0.382784
0.406894
0.167937
0.296852
0.212338
0.724582
0.690389
0.146782
0.6913
0.686832
0.629813
0.166868
0.0864844
0.608497
0.405709
0.736975
0.549076
0.676717
0.794673
0.601734
0.487513
0.458165
0.238357
0.665932
0.647905
0.323237
0.424617
0.271962
0.226285
0.341511
0.449931
0.579003
0.680318
0.280249
0.428404
0.173029
0.491554
0.597855
0.404845
0.607121
0.446495
0.381758
0.766489
0.462306
0.617745
0.897474
0.912902
0.887768
0.813932
0.969044
0.38855
0.963787
0.835573
0.668771
0.662682
0.209721
0.417532
0.807432
1.07553
0.418744
0.282364
0.975133
0.602226
0.472451
0.699416
0.31035
0.656095
0.966107
0.650391
0.873896
0.52772
0.563814
0.927787
0.629169
0.962983
0.44936
0.539198
0.478185
0.314684
0.824997
0.248447
0.407162
0.465206
0.753108
0.191888
0.290648
0.89266
0.614135
0.549058
0.21625
0.542926
0.448493
0.96979
0.944944
0.271018
0.944193
0.93783
0.619708
0.403683
0.172668
0.854215
0.54945
0.913122
0.794804
0.879588
0.998699
0.856335
0.456874
0.664933
0.0634097
0.697433
0.901045
0.25692
0.417652
0.318808
0.169074
0.505228
0.704755
0.784732
0.934999
0.406092
0.673241
0.427325
0.745663
0.663674
0.572029
0.832534
0.700696
0.785952
0.38135
0.619506
0.910142
0.978129
0.9908
0.50688
0.829583
0.531845
0.854915
0.571182
0.40802
0.952252
0.398305
0.0388315
0.59492
1.02108
0.717167
0.29896
0.663007
0.825089
0.625858
0.540585
0.42587
0.455579
0.841014
0.757084
0.685695
0.158579
0.710165
0.927492
0.896975
0.991051
0.773793
0.859165
0.28396
0.114167
0.894767
0.578787
0.263675
0.756085
0.921285
0.474314
0.325819
0.913183
0.518714
0.624348
0.400281
0.411053
0.374065
0.641582
0.671416
0.386208
0.721067
0.633653
0.869029
0.167784
0.287812
0.681575
0.622518
0.914703
0.478066
0.829759
0.940552
0.589719
0.723925
0.622419
0.403714
0.903925
0.67844
0.546549
0.662553
0.122137
0.23479
0.553276
0.474386
0.73456
0.664868
0.512092
0.365882
0.2503
0.481195
0.83186
0.608916
0.731154
0.485094
0.4049
0.167057
0.131877
0.202006
0.252509
0.683321
0.374094
0.386917
0.315435
0.588747
0.559588
0.621193
0.556769
0.811979
0.470379
0.328678
0.581467
0.970775
0.767301
0.423612
0.333375
0.367079
0.457086
0.45196
0.345759
0.186793
0.434208
0.773667
0.279313
0.161489
0.54435
0.206722
0.654789
0.668173
0.522514
0.685389
0.138343
0.650672
0.522758
0.567812
0.329822
0.604246
0.51054
0.130142
0.296749
0.221044
0.550239
0.397696
0.41189
0.812292
0.651266
0.499945
0.534514
0.726398
0.492021
0.622933
0.629365
0.396722
0.219947
0.146773
0.70166
0.168517
0.265459
0.60013
0.513292
0.179221
0.710703
0.405382
0.516407
0.584722
0.475982
0.859724
0.816329
0.263093
0.500302
0.141215
0.638559
0.361156
0.652448
0.540454
0.570389
0.3074
0.196033
0.248043
0.472472
0.239337
0.528982
0.599855
0.621193
0.441792
0.50998
0.262991
0.513472
0.415604
0.278287
0.71648
0.289186
0.407114
0.357384
0.655385
0.534512
0.595426
0.587314
0.54081
0.327067
0.238502
0.21192
0.216505
0.51048
0.402268
0.413793
0.381717
0.385786
0.547413
0.644646
0.609701
0.61228
0.675466
0.13381
0.285427
0.51902
0.483605
0.117861
0.554791
0.585344
0.382952
0.172982
0.531838
0.15762
0.270487
0.284363
0.0865332
0.0138592
0.604077
0.521718
0.219657
0.491797
0.544603
0.602259
0.218553
0.291902
0.392364
0.267733
0.534332
0.439524
0.458877
0.574902
0.435816
0.50345
0.243932
0.427331
0.595884
0.450196
0.41747
0.43639
0.462809
0.450006
0.198149
0.27728
0.361431
0.509899
0.219498
0.338683
0.137413
0.339638
0.504649
0.238771
0.382082
0.263364
0.295748
0.360773
0.388722
0.574849
0.40318
0.262648
0.371885
0.500106
0.431353
0.614486
0.410079
0.64624
0.394166
0.457903
0.50944
0.807489
0.68494
0.41486
0.247217
0.265946
0.308182
0.328185
0.38712
0.203479
0.393447
0.614798
0.242864
0.319373
0.536034
0.373585
0.588911
0.623827
0.362516
0.518332
0.281857
0.538231
0.356945
0.509028
0.393033
0.472401
0.348383
0.296347
0.161414
0.121328
0.403594
0.244657
0.245588
0.720655
0.583326
0.347039
0.494366
0.641782
0.485244
0.457879
0.470421
0.35805
0.118072
0.305316
0.586603
0.263642
0.382036
0.515602
0.451681
0.0778474
0.566001
0.435203
0.464611
0.468434
0.39802
0.692854
0.654122
0.117526
0.386318
0.173996
0.570255
0.22499
0.518144
0.376133
0.459624
0.332156
0.0630848
0.254196
0.360158
0.134823
0.223525
0.756453
0.36434
0.514987
0.290956
0.650476
0.650893
0.690956
0.687783
0.93457
0.529745
0.226005
0.687861
1.10207
0.818272
0.504835
0.453464
0.450548
0.588593
0.544161
0.329657
0.286136
0.471617
0.88734
0.386446
0.0395065
0.618358
0.0838472
0.756605
0.758598
0.639458
0.812421
0.140024
0.772105
0.646468
0.668433
0.371005
0.731994
0.641948
0.0186265
0.404733
0.349714
0.681262
0.511261
0.537047
0.869294
0.695151
0.631708
0.563635
0.780252
0.567777
0.74497
0.761207
0.436485
0.348965
0.0283516
0.779324
0.152583
0.186484
0.658389
0.616973
0.290415
0.841034
0.463557
0.555317
0.708136
0.587825
0.987987
0.947855
0.394929
0.583755
0.201452
0.683234
0.491586
0.746037
0.661917
0.648768
0.379956
0.327899
0.282059
0.556102
0.0957989
0.87634
0.499078
0.524424
0.425174
0.775008
0.759528
0.603541
0.706789
1.00601
0.654537
0.329223
0.644059
1.14118
0.947031
0.436415
0.444867
0.563361
0.614484
0.651825
0.464227
0.264411
0.602429
0.973931
0.360739
0.162333
0.537229
0.0995603
0.704123
0.691226
0.722027
0.873448
0.0882333
0.754507
0.717056
0.616745
0.274937
0.733686
0.684517
0.117234
0.498751
0.371383
0.700473
0.598912
0.605469
0.99624
0.825487
0.660361
0.696483
0.908022
0.490382
0.81837
0.795034
0.566487
0.371944
0.158867
0.896907
0.286466
0.310424
0.784249
0.571482
0.381206
0.85271
0.374842
0.686273
0.697017
0.556475
1.04391
0.985529
0.433253
0.697347
0.319384
0.813334
0.512454
0.853159
0.736883
0.765549
0.312337
0.371284
0.411364
0.669462
0.935785
0.585929
0.503944
0.51392
0.840427
0.808777
0.518604
0.68763
1.02112
0.721229
0.424932
0.583899
1.13051
1.01711
0.365642
0.415345
0.619266
0.602557
0.701633
0.55195
0.241959
0.677362
1.00166
0.324403
0.255189
0.456417
0.194702
0.637582
0.616107
0.749723
0.882008
0.11417
0.70936
0.735484
0.552127
0.192203
0.701921
0.682744
0.205005
0.54073
0.368408
0.681599
0.63316
0.624811
1.06358
0.898449
0.649149
0.774452
0.976852
0.412555
0.837276
0.784698
0.640525
0.36985
0.249851
0.953736
0.369888
0.404806
0.851224
0.511803
0.425653
0.825802
0.293015
0.760898
0.657271
0.506579
1.04661
0.975311
0.437749
0.75198
0.386508
0.885978
0.50057
0.900033
0.75833
0.822594
0.248397
0.383532
0.48635
0.724225
0.486613
0.704018
0.548587
0.120975
0.163626
1.15166
0.702222
0.49614
0.232377
0.749085
0.976054
0.805824
0.161443
0.965229
0.757928
0.316993
0.647002
0.248851
0.515473
0.777961
0.318022
0.362675
0.797275
0.751352
1.07709
0.836617
1.0532
1.11722
0.349545
0.510646
0.821622
0.909521
0.422525
0.996451
0.967878
0.800953
0.575548
0.769198
0.41422
0.668394
0.699182
0.368028
0.451361
0.163292
0.178695
0.641768
0.285439
0.127333
1.03128
0.411362
0.651696
0.341477
0.66493
0.744703
0.0368793
0.615498
0.681932
0.126208
0.944468
0.516201
0.803548
1.00363
0.256808
0.848503
0.877732
0.62889
0.717208
0.608563
0.188533
0.557512
0.17672
0.659136
0.14377
0.395244
0.115253
0.902981
0.615292
0.480536
0.214971
0.660403
0.077137
0.365899
0.452091
0.989761
0.77726
0.840111
0.264896
0.270022
0.911861
1.09175
0.495569
0.789131
0.649413
0.290383
0.679664
0.375642
0.0363307
0.55134
0.169738
0.745385
0.627662
0.339865
0.911708
0.42332
0.99074
1.01979
0.550851
0.766009
0.485721
0.934535
0.597823
0.908775
0.702662
0.856188
0.678553
0.382324
0.354942
0.522045
0.771297
0.439508
0.523438
0.554589
0.36851
0.707071
0.225279
0.465119
0.859267
0.668415
0.801169
0.155821
0.519083
0.34082
0.519035
0.217119
0.217855
0.364499
0.851645
0.329995
0.92804
0.779086
0.235891
0.864054
0.800606
0.937619
0.954806
0.513779
0.37427
0.24547
0.358965
0.617904
0.539
0.595286
0.409186
0.679329
0.466135
0.149024
0.3549
0.634052
0.667438
0.540863
0.456659
0.183782
0.567823
0.58885
0.709521
0.276665
0.627876
0.845354
0.297394
0.0961815
0.455501
0.107378
0.468061
0.647266
0.263329
0.619001
0.595027
0.187326
0.547846
0.38808
0.576372
0.356539
0.413822
0.381129
0.417678
0.43646
0.275658
0.326883
0.292808
0.395661
0.21733
0.206115
0.508512
0.33947
0.165874
0.177695
0.338228
0.254791
0.865487
0.768569
0.152087
0.712329
0.802079
0.350402
0.413317
0.28477
0.588362
0.167028
0.533104
0.702502
0.522034
0.63777
0.686721
0.240523
0.330709
0.329045
0.372134
0.675242
0.205789
0.173744
0.561221
0.47358
0.146905
0.531539
0.436371
0.756063
0.0470888
0.599698
0.358373
0.59857
0.30436
0.204
0.512067
0.513108
0.429257
0.496454
0.936089
0.765232
0.868587
0.319738
0.200765
0.873819
1.10515
0.568556
0.737063
0.612624
0.315766
0.66508
0.409245
0.0408086
0.498672
0.231135
0.782827
0.581511
0.264529
0.858772
0.346941
0.951323
0.974739
0.571984
0.782908
0.417415
0.909693
0.611287
0.867252
0.639577
0.838264
0.675523
0.309244
0.355852
0.485483
0.759033
0.451951
0.526289
0.626443
0.441413
0.696489
0.299204
0.536503
0.806333
0.68998
0.800092
0.208251
0.482814
0.266382
0.579331
0.150086
0.141781
0.430081
0.810666
0.305655
0.91899
0.720213
0.305267
0.839622
0.763447
0.957889
0.96308
0.487463
0.418624
0.201584
0.431306
0.594201
0.587476
0.612745
0.462427
0.622819
0.433274
0.131776
0.396194
0.169739
1.09985
0.697163
0.567591
0.120741
0.629996
0.943881
0.866083
0.184942
0.906458
0.708008
0.234167
0.62746
0.200109
0.395302
0.702746
0.198161
0.443715
0.734959
0.642287
1.02315
0.728537
1.02321
1.08
0.357464
0.551775
0.726618
0.898203
0.429586
0.959057
0.889892
0.794318
0.571802
0.664314
0.34669
0.605396
0.693171
0.331696
0.427526
0.223803
0.10949
0.631009
0.169271
0.141677
0.97491
0.446774
0.665912
0.224066
0.601849
0.636673
0.154919
0.505018
0.56464
0.0208264
0.904536
0.433151
0.816159
0.935016
0.136834
0.832904
0.839682
0.692334
0.760568
0.553748
0.13839
0.455922
0.0994669
0.620768
0.213151
0.408259
0.0920822
0.83223
0.548397
0.370119
0.154346
0.990677
0.542652
0.40872
0.194116
0.688066
0.812431
0.699208
0.315327
0.80719
0.597501
0.201288
0.483889
0.107708
0.472184
0.631246
0.290596
0.297171
0.641828
0.652997
0.916901
0.734064
0.889608
0.953753
0.192984
0.382179
0.695704
0.748556
0.266407
0.833057
0.821627
0.641147
0.415908
0.661072
0.270651
0.514554
0.539284
0.207378
0.287743
0.326513
0.277674
0.480297
0.313357
0.274514
0.87206
0.277053
0.501127
0.296404
0.511182
0.64402
0.162861
0.52501
0.612741
0.190003
0.78138
0.383142
0.652511
0.850474
0.271223
0.686418
0.714497
0.527524
0.590892
0.451163
0.0780333
0.44971
0.268627
0.49634
0.0955591
0.242258
0.0778092
0.751804
0.464722
0.396988
0.101047
0.554144
0.990676
1.004
0.916345
0.244871
0.945042
1.28323
0.201428
0.393816
0.870793
0.543807
0.906909
0.964304
0.438444
1.00762
1.04116
0.371661
0.730226
0.0786683
0.699798
0.225047
0.146798
0.837786
0.842071
0.552549
0.414687
0.781555
0.200146
0.32863
0.491239
0.643587
0.674461
0.754072
0.497838
0.551995
0.783787
0.709566
1.3099
1.19209
0.573729
1.10882
1.23958
0.130725
0.860808
0.66771
0.971719
0.501375
0.718884
1.15347
0.78946
0.872512
1.1175
0.228782
0.691374
0.605136
0.229256
1.07873
0.416686
0.293349
0.945624
0.815932
0.546291
0.970528
0.744814
1.17911
0.497357
1.05498
0.813371
1.04141
0.314795
0.557233
0.849017
0.948538
0.436865
0.646524
0.867895
0.320416
0.446444
0.857968
0.441933
0.274967
0.525277
0.101932
0.502351
0.770957
0.447056
0.700128
0.500008
0.367774
0.718088
0.501223
0.753944
0.382982
0.464673
0.352832
0.289997
0.618613
0.208871
0.280711
0.358
0.569677
0.0987471
0.126782
0.683109
0.426163
0.339907
0.00653627
0.37551
0.275758
0.864901
0.80549
0.0709438
0.780861
0.817004
0.477354
0.329009
0.115777
0.675942
0.340179
0.703418
0.691172
0.673189
0.791975
0.717828
0.326377
0.461932
0.155933
0.530096
0.739376
0.156544
0.267589
0.399686
0.294225
0.296014
0.55959
0.579833
0.794185
0.196692
0.57421
0.310184
0.613902
0.478186
0.362583
0.635523
0.549141
0.599157
1.03888
0.755921
0.313701
0.649307
0.861983
0.661285
0.553102
0.462379
0.464671
0.853054
0.789127
0.691902
0.137667
0.744606
0.950742
0.934999
1.01612
0.812621
0.897987
0.301489
0.15073
0.923494
0.617453
0.289314
0.794728
0.95556
0.513137
0.361711
0.938206
0.538868
0.655933
0.438768
0.430443
0.400713
0.624627
0.664882
0.423435
0.721962
0.621847
0.906621
0.189618
0.326635
0.689861
0.653996
0.938204
0.465657
0.849542
0.958584
0.585454
0.762254
0.645495
0.441288
0.939955
0.679942
0.585376
0.700608
0.137561
0.265695
0.584259
0.478433
0.755359
0.658996
0.546811
0.358181
0.27274
0.479298
0.866553
0.638312
0.746989
0.491161
0.518991
0.864598
0.877483
0.297347
0.806942
0.617439
0.134541
0.565307
0.152298
0.289675
0.593839
0.0974966
0.491286
0.634516
0.521922
0.926244
0.608022
0.944916
0.995345
0.33922
0.552259
0.607718
0.837646
0.403481
0.875336
0.778217
0.739895
0.526695
0.543577
0.252626
0.5063
0.641742
0.271025
0.370766
0.342407
0.189161
0.576972
0.13679
0.256043
0.876597
0.447654
0.634825
0.111543
0.502755
0.516117
0.260883
0.384944
0.450068
0.130027
0.819347
0.3226
0.779566
0.828701
0.0936915
0.769549
0.756817
0.711117
0.756189
0.462383
0.120737
0.335769
0.176091
0.541769
0.275308
0.389912
0.144292
0.72518
0.447395
0.249874
0.111965
0.907588
1.2498
0.765487
0.730678
0.661929
0.495835
0.766046
0.593362
0.236667
0.50662
0.431897
0.964911
0.604692
0.186516
0.844239
0.2306
0.978639
0.983814
0.737632
0.937837
0.36392
0.978219
0.765014
0.890766
0.593191
0.925541
0.799305
0.241972
0.503938
0.545215
0.861398
0.610209
0.666547
0.824605
0.638492
0.80461
0.495127
0.735062
0.793763
0.853497
0.923816
0.407974
0.54359
0.198753
0.779403
0.197957
0.0807024
0.630788
0.837898
0.416678
1.02377
0.688147
0.504833
0.911273
0.803911
1.11539
1.10069
0.57287
0.611281
0.295551
0.628987
0.678269
0.781317
0.772266
0.660038
0.605954
0.507987
0.295056
0.587023
0.701009
1.12064
0.226376
0.262457
0.73064
0.334278
0.744194
0.89358
0.401865
0.889587
0.818479
0.302909
0.726254
0.213448
0.724825
0.0805599
0.145885
0.639782
0.610361
0.568386
0.172658
0.575359
0.0471492
0.40522
0.247998
0.425772
0.675484
0.613414
0.389848
0.319394
0.613548
0.524696
1.13857
1.04522
0.35366
0.985417
1.07755
0.215416
0.642469
0.429803
0.857216
0.392785
0.712417
0.97203
0.742315
0.846908
0.963258
0.0725835
0.585489
0.360418
0.320611
0.949516
0.17334
0.111444
0.70299
0.571196
0.408378
0.807442
0.672302
1.0327
0.323622
0.863561
0.607149
0.873263
0.335603
0.446362
0.763205
0.789535
0.961619
0.876022
0.721164
0.802403
0.528304
0.729818
1.09771
0.888627
0.962523
0.451365
0.813916
1.12686
0.910481
1.17608
0.730076
0.819765
0.543686
0.327063
1.05326
0.530617
0.494435
0.74733
1.01531
0.465617
0.460254
1.10082
0.751357
0.769814
0.452007
0.653749
0.583732
0.938271
0.968566
0.48185
1.00883
0.932606
0.898699
0.430024
0.346435
0.952959
0.769241
1.11278
0.776919
1.05231
1.16959
0.885209
0.736553
0.834166
0.341528
0.96899
0.965442
0.535918
0.69238
0.177238
0.155667
0.710754
0.75918
0.95454
0.961532
0.63065
0.664341
0.496899
0.774819
0.924047
0.776421
0.975158
0.765627
1.09086
0.890439
0.419002
0.797008
0.377997
0.529896
0.887316
0.347909
0.512918
0.919616
0.805759
1.20688
0.892642
1.19914
1.25903
0.506848
0.671785
0.90408
1.06366
0.580282
1.13798
1.07381
0.956473
0.731208
0.833326
0.531241
0.789995
0.854611
0.507218
0.598131
0.063171
0.127157
0.795328
0.270362
0.0436527
1.15902
0.572801
0.811852
0.38194
0.786453
0.801795
0.18544
0.668154
0.709765
0.169625
1.0843
0.617074
0.963726
1.11994
0.265759
1.00085
1.01863
0.784382
0.877674
0.73694
0.314204
0.630683
0.137458
0.799218
0.304586
0.554145
0.247675
1.01709
0.733242
0.536335
0.33486
0.214313
0.674928
0.399867
0.717695
0.764304
0.238425
0.807202
0.892167
0.172449
0.544335
0.122866
0.526032
0.272369
0.255619
0.669317
0.711268
0.371585
0.378969
0.621415
0.189026
0.179938
0.411489
0.501411
0.489654
0.559772
0.301257
0.437851
0.599953
0.535926
1.12056
0.995731
0.439056
0.908708
1.04725
0.0708102
0.710534
0.556999
0.771074
0.304809
0.531929
0.9698
0.592115
0.68102
0.923472
0.159115
0.491124
0.539225
0.0971152
0.879471
0.346566
0.184578
0.841051
0.730907
0.356668
0.780687
0.543896
0.982694
0.329118
0.878023
0.652269
0.852802
0.125834
0.359571
0.647679
0.757454
0.483006
0.203371
0.513349
0.631446
0.180456
0.633131
0.681383
0.0928069
0.489236
0.3194
0.506451
0.341704
0.380027
0.455008
0.511789
0.35847
0.318654
0.408478
0.262715
0.299481
0.28899
0.300184
0.444417
0.365018
0.1275
0.269258
0.390284
0.321802
0.916157
0.803363
0.24826
0.731394
0.846807
0.275408
0.500418
0.380137
0.599473
0.13038
0.474686
0.760362
0.485807
0.595617
0.726152
0.205459
0.323883
0.410702
0.280055
0.697722
0.255465
0.151232
0.657395
0.567723
0.155132
0.577063
0.411063
0.790503
0.1168
0.665194
0.438944
0.647652
0.208204
0.184216
0.500754
0.555579
0.438525
0.0982499
0.300431
0.468697
0.175314
0.469547
0.502765
0.451767
0.793315
0.533365
0.811045
0.860824
0.260468
0.476004
0.505171
0.709598
0.310247
0.740881
0.656511
0.615487
0.411422
0.461354
0.118088
0.373736
0.520075
0.156862
0.252344
0.455681
0.321307
0.454645
0.258829
0.375839
0.744138
0.378099
0.527542
0.155245
0.370183
0.442944
0.334584
0.324457
0.41796
0.249798
0.684833
0.200614
0.665818
0.700977
0.220111
0.64061
0.622485
0.647278
0.668776
0.327908
0.134012
0.249105
0.308331
0.408484
0.296835
0.305518
0.203333
0.598089
0.315626
0.200959
0.106141
0.428352
0.67203
0.360599
0.611447
0.498084
0.293104
0.618044
0.480639
0.656792
0.408399
0.479313
0.305688
0.311793
0.526303
0.272477
0.241578
0.361887
0.502701
0.178234
0.101832
0.58463
0.332879
0.243929
0.0954709
0.297344
0.199964
0.810231
0.733579
0.0466076
0.696807
0.754734
0.447646
0.317111
0.182142
0.585164
0.243785
0.603424
0.640614
0.571262
0.690045
0.647713
0.317521
0.360798
0.257862
0.478355
0.656589
0.205574
0.250876
0.454194
0.372865
0.194923
0.489091
0.478091
0.721707
0.102385
0.529866
0.273487
0.549704
0.411559
0.261857
0.536192
0.475155
0.390205
0.530332
0.232747
0.373654
0.548776
0.547454
0.831334
0.627564
0.823339
0.881363
0.187907
0.403172
0.588347
0.700052
0.2512
0.760327
0.720622
0.598115
0.379378
0.553998
0.16678
0.419663
0.497976
0.131648
0.228908
0.403179
0.305228
0.434465
0.288863
0.334513
0.784566
0.300122
0.483686
0.226037
0.416189
0.538079
0.258509
0.422211
0.515913
0.219965
0.706386
0.27622
0.630091
0.75478
0.245385
0.633925
0.640938
0.567549
0.604945
0.361435
0.0638245
0.343431
0.293395
0.421634
0.202011
0.238079
0.135124
0.65427
0.366513
0.298878
0.0469186
0.526003
0.197466
0.762542
0.605383
0.304336
0.886554
0.387352
0.971873
0.998329
0.559872
0.773352
0.453338
0.922402
0.603273
0.888882
0.67276
0.847214
0.676335
0.347783
0.353583
0.503952
0.764876
0.444044
0.523671
0.588374
0.402748
0.701351
0.25995
0.498641
0.834087
0.677856
0.800039
0.178514
0.501117
0.305673
0.547095
0.184714
0.181866
0.395026
0.831962
0.316716
0.923287
0.751142
0.26817
0.852052
0.782643
0.94673
0.95824
0.500361
0.39415
0.222807
0.392914
0.605922
0.561268
0.602638
0.433587
0.652394
0.449584
0.136105
0.37319
0.581155
0.782937
0.100958
0.324396
0.360556
0.329778
0.472019
0.481604
0.535535
0.646084
0.178378
0.49352
0.509919
0.384198
0.190418
0.469338
0.442614
0.274314
0.363832
0.133767
0.440916
0.43395
0.403155
0.923977
0.782483
0.407192
0.683365
0.844349
0.308089
0.610561
0.542739
0.544097
0.13603
0.310556
0.788805
0.354742
0.449692
0.717748
0.331448
0.271248
0.589479
0.236435
0.65777
0.433762
0.30248
0.806959
0.733371
0.206708
0.589455
0.306738
0.769427
0.258683
0.71451
0.535775
0.662805
0.132759
0.168436
0.41226
0.563501
0.587469
0.635991
0.457953
0.929051
0.544838
0.970122
1.01311
0.419628
0.635716
0.566593
0.8807
0.478053
0.895327
0.756863
0.789171
0.586656
0.487217
0.281039
0.512947
0.694839
0.330984
0.427627
0.401984
0.223554
0.629356
0.10222
0.311913
0.877863
0.532856
0.701634
0.0375824
0.509509
0.454284
0.349734
0.320519
0.368005
0.199269
0.838304
0.316245
0.841068
0.817522
0.0838443
0.811042
0.779262
0.799643
0.83549
0.481348
0.214925
0.293335
0.211749
0.572659
0.372743
0.468625
0.240826
0.713914
0.453035
0.191337
0.200792
0.755311
0.898324
0.978688
0.970785
0.882989
0.963814
0.252284
0.21943
0.896653
0.698626
0.275271
0.85272
0.961903
0.588789
0.397577
0.893528
0.482725
0.649835
0.50022
0.376591
0.379889
0.487038
0.535607
0.467942
0.605058
0.486858
0.944434
0.181729
0.404362
0.590889
0.647316
0.886981
0.330725
0.784795
0.886193
0.460232
0.813247
0.597761
0.540136
0.960727
0.564717
0.655808
0.747813
0.274959
0.391549
0.576741
0.372872
0.695988
0.530696
0.564616
0.230734
0.247492
0.359978
0.877162
0.620433
0.669869
0.390545
0.424318
0.293173
0.430336
0.375477
0.393233
0.518485
0.596621
0.27705
0.394125
0.480156
0.288678
0.211185
0.377623
0.386212
0.375033
0.388381
0.129661
0.362057
0.435973
0.383182
0.950686
0.823362
0.338872
0.737164
0.876067
0.242499
0.576511
0.472073
0.600206
0.133195
0.410279
0.803612
0.443407
0.544667
0.751724
0.233996
0.31975
0.501583
0.210428
0.707357
0.336497
0.201581
0.747092
0.660291
0.191467
0.61117
0.382688
0.810321
0.198193
0.717186
0.509105
0.683823
0.122342
0.187212
0.48263
0.587282
0.657783
0.0868857
0.795461
0.798018
0.653064
0.832217
0.178582
0.807833
0.664139
0.707328
0.409303
0.765132
0.667434
0.0559578
0.415996
0.382071
0.711555
0.523912
0.556184
0.858408
0.681209
0.66036
0.546547
0.768801
0.60725
0.761205
0.788167
0.424054
0.381106
0.014743
0.775677
0.137771
0.150364
0.649045
0.655579
0.305253
0.872182
0.502575
0.541068
0.743193
0.625427
1.00869
0.973343
0.423468
0.583452
0.204515
0.669601
0.522642
0.748492
0.678058
0.646149
0.419458
0.356348
0.272173
0.556115
0.631591
0.220848
0.167502
0.768468
0.785116
0.481324
0.385802
0.714715
0.16632
0.264294
0.448324
0.581791
0.602294
0.676955
0.419952
0.498408
0.709664
0.638321
1.23449
1.11456
0.513746
1.03032
1.16323
0.0524678
0.797423
0.616486
0.893112
0.423495
0.646038
1.07976
0.7128
0.798168
1.04061
0.176514
0.612819
0.568954
0.163415
1.00042
0.375355
0.23443
0.89822
0.774811
0.470132
0.894811
0.666598
1.10156
0.426674
0.983323
0.746325
0.966105
0.239572
0.479163
0.770541
0.872443
0.788865
0.781643
0.722301
0.891752
0.156576
0.822994
0.727447
0.700804
0.371871
0.791425
0.715926
0.0779201
0.488331
0.41404
0.747472
0.594485
0.617296
0.945192
0.768069
0.701105
0.633002
0.855629
0.583406
0.826627
0.832849
0.510904
0.413785
0.0919549
0.860308
0.224581
0.220105
0.735559
0.652631
0.37338
0.904933
0.470584
0.627926
0.761798
0.630928
1.0664
1.02118
0.465919
0.666147
0.284363
0.756476
0.55727
0.829322
0.7437
0.730216
0.40041
0.399715
0.358548
0.638593
0.0898408
0.713966
0.670567
0.632363
0.20285
0.647794
0.0882475
0.451535
0.299531
0.495656
0.74342
0.693905
0.468751
0.382893
0.692366
0.602097
1.21602
1.12505
0.423692
1.06597
1.15615
0.240979
0.710053
0.486241
0.93769
0.471761
0.78192
1.04829
0.817716
0.920096
1.04269
0.141583
0.665288
0.396477
0.358434
1.03002
0.227975
0.191413
0.749487
0.610693
0.488868
0.886413
0.750018
1.11257
0.403581
0.938253
0.679351
0.95158
0.392107
0.525875
0.842298
0.86889
0.784287
0.754064
0.627025
0.292415
0.720728
0.121053
0.424655
0.385854
0.571651
0.743935
0.742789
0.502512
0.463996
0.752032
0.666266
1.27911
1.17904
0.499544
1.11136
1.21569
0.204077
0.788293
0.571353
0.979244
0.505799
0.785226
1.1144
0.835076
0.93074
1.09895
0.176011
0.701503
0.486115
0.325327
1.0773
0.312645
0.240426
0.838073
0.700231
0.533726
0.945003
0.775527
1.16634
0.459815
1.00752
0.752571
1.01239
0.381382
0.561802
0.873165
0.925885
0.216628
0.64437
0.560776
0.0734971
0.665506
0.719153
0.451579
0.226386
0.644614
0.238234
0.404244
0.349939
0.129591
0.135309
0.512071
0.466905
0.294454
0.474706
0.466889
0.728347
0.118048
0.308741
0.409277
0.401462
0.64104
0.338656
0.548231
0.657241
0.378249
0.617734
0.349043
0.459751
0.72804
0.43099
0.501539
0.550206
0.386932
0.4171
0.331953
0.228225
0.454782
0.456848
0.342044
0.224446
0.0514083
0.268377
0.638087
0.370223
0.44723
0.228076
0.788748
0.481208
0.172979
0.647726
0.807798
0.372867
0.211677
0.814219
0.434202
0.514232
0.291322
0.331223
0.276093
0.660852
0.65841
0.272761
0.685511
0.637247
0.756109
0.105598
0.186331
0.625905
0.512569
0.818935
0.487851
0.742829
0.857147
0.571815
0.613362
0.529355
0.321589
0.789761
0.641876
0.442592
0.550882
0.177698
0.208898
0.444332
0.435808
0.645893
0.650026
0.398447
0.367213
0.170777
0.459694
0.71811
0.502537
0.654761
0.440299
0.671115
0.63534
0.544267
0.230999
0.646827
0.597359
0.122627
0.42903
0.283465
0.61229
0.524498
0.523845
0.949955
0.78641
0.57223
0.665028
0.863553
0.431659
0.737015
0.707018
0.529458
0.284112
0.168356
0.839692
0.26871
0.325898
0.737649
0.496125
0.312902
0.765015
0.324247
0.649766
0.612089
0.475997
0.957926
0.897599
0.346633
0.638052
0.274126
0.773841
0.424236
0.78757
0.656412
0.708503
0.245756
0.286226
0.37653
0.61027
0.489254
0.219755
0.547973
0.111478
0.334415
0.762861
0.600004
0.433861
0.211189
0.569563
0.471156
1.07253
1.00515
0.268344
0.968327
1.02212
0.383028
0.534733
0.294878
0.852733
0.435765
0.793257
0.899404
0.795365
0.909183
0.91863
0.222257
0.605686
0.193708
0.476076
0.928547
0.0705118
0.203981
0.547592
0.407849
0.422323
0.759867
0.711705
0.99342
0.316655
0.782977
0.51899
0.817811
0.465999
0.478611
0.786816
0.746941
0.603417
0.686786
0.379378
0.155155
0.649561
0.261241
0.376264
0.278098
0.159406
0.111595
0.584664
0.539076
0.225225
0.54004
0.540384
0.677104
0.101816
0.236371
0.46393
0.373909
0.65124
0.410517
0.570557
0.684315
0.450404
0.557886
0.359451
0.386783
0.686592
0.496505
0.431597
0.490639
0.350374
0.358585
0.303214
0.297602
0.474037
0.52878
0.292339
0.293879
0.0319511
0.34133
0.601911
0.35196
0.482321
0.294459
0.36896
0.291128
0.457168
0.655195
0.622956
0.387944
0.356431
0.630996
0.545772
1.1582
1.05843
0.385488
0.992806
1.09464
0.170469
0.674855
0.469733
0.861981
0.391101
0.693826
0.993998
0.731783
0.832893
0.978057
0.0573494
0.586229
0.406328
0.28022
0.95814
0.216544
0.119396
0.745783
0.615993
0.414659
0.823958
0.666431
1.04576
0.338763
0.888062
0.635345
0.891365
0.305281
0.446347
0.760947
0.804902
0.561612
0.597298
0.353426
0.553989
0.315226
0.564437
0.622986
0.584662
1.11219
0.965554
0.547738
0.858669
1.03118
0.220706
0.784999
0.678635
0.719332
0.318148
0.399346
0.979124
0.48951
0.556724
0.904211
0.335468
0.45678
0.689749
0.100886
0.836476
0.505568
0.344927
0.956849
0.863894
0.387204
0.779345
0.468656
0.95256
0.409378
0.904287
0.714585
0.852656
0.0916298
0.357826
0.576438
0.75316
0.225441
0.725094
0.511112
0.383203
0.101867
0.469478
0.369902
0.963648
0.902241
0.16365
0.87294
0.91538
0.433485
0.423314
0.187177
0.763283
0.384328
0.750392
0.789877
0.735314
0.852464
0.814916
0.272429
0.532652
0.128492
0.506037
0.832093
0.0746905
0.227136
0.454998
0.32649
0.354954
0.656382
0.645887
0.890784
0.247852
0.67266
0.408637
0.71191
0.472723
0.41786
0.711121
0.645009
0.640566
0.323611
0.315232
0.123634
0.256814
0.159125
0.738348
0.680552
0.0721358
0.662456
0.690317
0.549415
0.217848
0.125161
0.565282
0.314163
0.653224
0.564989
0.601478
0.720421
0.592535
0.415891
0.383209
0.254413
0.578249
0.620178
0.276595
0.350238
0.364355
0.305964
0.251637
0.434887
0.504477
0.669451
0.188296
0.449028
0.18564
0.487575
0.507086
0.316465
0.543857
0.425839
0.411433
0.343972
0.676601
0.517065
0.53951
0.883849
0.710661
0.628257
0.580029
0.795013
0.55195
0.748707
0.758776
0.451793
0.343402
0.0464727
0.791549
0.169371
0.204711
0.672582
0.604279
0.295867
0.835636
0.446656
0.570997
0.699568
0.576596
0.98918
0.946248
0.391949
0.59493
0.212658
0.698666
0.486573
0.755994
0.665784
0.660724
0.364433
0.325196
0.296991
0.567193
0.258754
0.420472
0.108647
0.170493
0.563289
0.438608
0.355319
0.372859
0.487686
0.628361
0.350942
0.446614
0.252828
0.255212
0.404411
0.42525
0.311045
0.423237
0.363784
0.566814
0.117567
0.5742
0.590922
0.33614
0.530169
0.504763
0.611573
0.607434
0.20989
0.225831
0.216591
0.425698
0.292699
0.359674
0.268803
0.299184
0.489343
0.202578
0.22453
0.200435
0.333437
0.310699
0.270527
0.821123
0.694776
0.289338
0.612997
0.746435
0.37043
0.476799
0.423671
0.478144
0.00355287
0.367328
0.675589
0.362232
0.475324
0.622274
0.330615
0.199011
0.491669
0.335945
0.581556
0.366188
0.278724
0.678378
0.614155
0.0731163
0.481778
0.284055
0.681757
0.143261
0.592758
0.402458
0.554587
0.238196
0.0599226
0.373552
0.457713
0.370761
0.270992
0.861963
0.801386
0.0654954
0.775917
0.813548
0.473989
0.328252
0.119355
0.670497
0.3337
0.696885
0.68843
0.666733
0.785505
0.713816
0.323941
0.455614
0.16241
0.525593
0.734512
0.15724
0.264495
0.403448
0.299468
0.289484
0.555479
0.573431
0.79004
0.190211
0.571789
0.307818
0.610232
0.472911
0.356048
0.629397
0.544796
0.0997712
0.528006
0.436543
0.306173
0.405966
0.464034
0.664682
0.243337
0.370805
0.312086
0.30745
0.512062
0.370201
0.419127
0.529612
0.35161
0.577876
0.221215
0.510945
0.645655
0.364069
0.502849
0.51175
0.507377
0.515327
0.244653
0.194108
0.325221
0.424555
0.292385
0.282066
0.162392
0.260392
0.548884
0.265521
0.32359
0.178146
0.613959
0.534014
0.206458
0.505366
0.555561
0.596565
0.21317
0.278221
0.406221
0.267892
0.54297
0.448233
0.469697
0.586149
0.447817
0.494966
0.253731
0.413482
0.592862
0.463681
0.405383
0.427737
0.453109
0.437586
0.197681
0.289143
0.372105
0.522264
0.212227
0.345435
0.133656
0.350505
0.502889
0.241605
0.394787
0.275812
0.186614
0.804951
0.330031
0.0901773
1.1877
0.566109
0.810908
0.434505
0.817608
0.853842
0.175523
0.720637
0.767047
0.212381
1.10567
0.655893
0.962471
1.15411
0.321762
1.01176
1.03922
0.761401
0.863193
0.76459
0.339895
0.678061
0.195647
0.820147
0.296792
0.556653
0.268505
1.05206
0.765859
0.587321
0.36341
0.738719
0.1435
0.0991094
1.0652
0.553987
0.7754
0.259005
0.691225
0.677763
0.215045
0.543979
0.582693
0.0886759
1.00313
0.51128
0.925624
1.0177
0.140143
0.939152
0.939307
0.793309
0.867306
0.64828
0.245907
0.512287
0.0130716
0.721604
0.306717
0.517619
0.199946
0.91411
0.636165
0.414124
0.258448
0.710805
0.753785
0.483481
0.289375
0.13557
0.605021
0.289049
0.645806
0.632781
0.608576
0.727681
0.651561
0.345398
0.394755
0.22257
0.5203
0.669552
0.207113
0.28061
0.40923
0.326349
0.236928
0.492925
0.513957
0.727217
0.148806
0.518424
0.256361
0.549593
0.456382
0.304059
0.566243
0.48136
0.241373
0.979299
0.580247
0.771569
0.139505
0.609528
0.544317
0.321368
0.411137
0.440893
0.159544
0.936016
0.417587
0.915842
0.91974
0.0437294
0.899429
0.875796
0.839615
0.891015
0.578178
0.249833
0.393325
0.134599
0.665537
0.377245
0.525709
0.245084
0.816125
0.553088
0.288501
0.246631
1.11539
0.536784
0.773212
0.344767
0.742894
0.764424
0.156231
0.631049
0.676955
0.127096
1.04087
0.5744
0.925019
1.07667
0.231624
0.958911
0.975279
0.755527
0.844288
0.693288
0.270751
0.590687
0.106808
0.75588
0.270973
0.514879
0.205072
0.973907
0.689771
0.498195
0.291231
0.762765
0.593127
0.841787
0.373982
0.595312
1.03487
0.660498
0.746679
0.992145
0.162941
0.561716
0.557997
0.121383
0.949824
0.363092
0.210324
0.876648
0.758646
0.423133
0.847832
0.614196
1.05218
0.386393
0.940587
0.708434
0.919555
0.188187
0.429232
0.718293
0.825027
0.249986
0.524759
0.474545
0.748625
0.391196
0.661986
0.772927
0.46694
0.633596
0.455953
0.399144
0.780191
0.536658
0.485468
0.567587
0.269208
0.313877
0.403934
0.330449
0.56694
0.545357
0.383622
0.26964
0.0831474
0.354735
0.69874
0.453745
0.564645
0.33572
0.682595
0.423192
0.77379
0.635388
0.726128
0.845177
0.686725
0.440999
0.508139
0.151877
0.643808
0.728461
0.258747
0.383257
0.28412
0.190837
0.366968
0.533412
0.62934
0.765145
0.284345
0.51454
0.258877
0.5771
0.587014
0.433581
0.668348
0.528565
0.474733
0.419877
0.37143
0.286332
0.340732
0.227707
0.804846
0.280535
0.8194
0.780404
0.120376
0.782778
0.746557
0.793161
0.822412
0.44884
0.218751
0.25595
0.246909
0.54237
0.383419
0.456834
0.255091
0.676846
0.418295
0.155126
0.200538
0.366364
0.672174
0.360099
0.473455
0.618724
0.333766
0.195707
0.492244
0.339337
0.578053
0.367943
0.281612
0.677085
0.61359
0.0706987
0.478281
0.28144
0.678207
0.14349
0.589514
0.39998
0.551101
0.241434
0.0564746
0.370537
0.454199
0.768548
0.133785
0.158247
0.643849
0.64187
0.292744
0.857474
0.491699
0.537683
0.728547
0.611265
0.995259
0.959158
0.408898
0.575178
0.194713
0.66603
0.507929
0.739443
0.66548
0.638639
0.407339
0.341772
0.26682
0.54773
0.640829
0.710937
0.161856
0.942973
0.531256
0.786951
1.01146
0.291569
0.839879
0.875872
0.59974
0.692693
0.613471
0.202206
0.579169
0.213403
0.658456
0.121564
0.381907
0.131404
0.911831
0.624118
0.50632
0.229736
0.119209
0.511452
0.676201
0.218725
0.829101
0.571135
0.403899
0.726746
0.63401
0.920526
0.902803
0.380537
0.45268
0.0977673
0.532259
0.487473
0.620477
0.579739
0.512527
0.475149
0.318156
0.135107
0.425939
0.567117
0.778663
0.337335
0.947907
0.647169
0.445354
0.841305
0.740864
1.03469
1.0209
0.498289
0.536731
0.21603
0.572374
0.604682
0.706806
0.691612
0.588544
0.558605
0.434648
0.217037
0.511771
0.923374
0.447457
0.836985
0.950743
0.131198
0.853199
0.858709
0.711084
0.780657
0.571643
0.158764
0.465742
0.0788016
0.639978
0.229498
0.429014
0.112219
0.847749
0.564894
0.377031
0.173854
0.528883
0.395415
0.255573
0.9016
0.200639
0.0675363
0.721898
0.598751
0.358009
0.770123
0.609651
0.990408
0.285535
0.838905
0.58983
0.838231
0.263416
0.389
0.703717
0.75058
0.617029
0.506607
0.388995
0.535341
0.474056
0.706707
0.684138
0.183882
0.329081
0.12131
0.498219
0.289264
0.474669
0.372807
0.401357
0.402924
0.139893
0.181372
0.301758
0.634236
0.873223
0.194906
0.354654
0.357412
0.214322
0.451485
0.682183
0.73551
0.91515
0.349562
0.665893
0.410398
0.728065
0.600419
0.517711
0.78852
0.675792
0.894142
0.442733
0.280163
0.926948
0.821905
0.401626
0.816131
0.538155
1.00463
0.396692
0.927287
0.716365
0.889278
0.103773
0.38856
0.645314
0.791275
0.859966
0.840497
0.796635
0.847291
0.543599
0.206315
0.376015
0.128685
0.628297
0.33859
0.482011
0.205242
0.790379
0.521799
0.275131
0.202914
0.162726
0.52968
0.400069
0.35217
0.694516
0.642126
0.927277
0.246209
0.725282
0.462235
0.754108
0.419485
0.409339
0.716406
0.680727
0.666427
0.549471
0.297918
0.704579
0.561865
0.926663
0.219424
0.771424
0.522574
0.77214
0.262022
0.334938
0.651876
0.685512
0.151277
0.611428
0.591251
0.823576
0.786626
0.551183
0.48801
0.345332
0.601805
0.865578
0.67272
0.830867
0.600085
0.555529
0.642124
0.805135
0.858913
0.475152
0.573443
0.367061
0.668498
0.772379
0.621463
0.831962
0.644629
0.424764
0.291404
0.635407
0.107487
0.525732
0.329345
0.496432
0.307351
0.0671311
0.365254
0.402328
0.382375
0.234623
0.485217
0.170105
0.279632
0.0733602
0.714997
0.427579
0.322231
0.0278881
0.49973
0.398889
0.545013
0.484283
0.448178
0.436631
0.233354
0.10781
0.354687
0.70908
0.301043
0.507701
0.190819
0.901044
0.623127
0.401988
0.246553
0.557661
0.323152
0.552772
0.319783
0.170286
0.470206
0.466473
0.264033
0.133975
0.830948
0.546462
0.491766
0.195353
0.318542
0.63052
0.375257
0.485585
0.279127
0.788277
0.500761
0.379039
0.0997715
0.287784
0.543269
0.689775
0.317196
0.402762
0.296413
