2.55395
3.08513
3.26163
3.04577
2.98916
3.11968
3.28268
3.02444
3.13543
2.81538
3.03412
3.12242
2.89235
2.89874
2.90194
3.30574
2.791
2.73549
2.93703
2.48888
2.88195
2.75649
3.12963
2.5962
2.90626
2.85409
2.78827
2.77839
3.20814
2.99217
2.95852
3.00973
2.64395
2.63802
3.14191
2.47489
2.48888
2.29405
3.28569
2.79933
2.87043
3.33895
2.96244
3.3112
2.7392
3.28895
3.01599
3.33462
2.47783
3.28103
3.01687
3.24199
3.04278
2.8192
2.69119
2.98048
3.17687
3.00486
2.73665
3.19702
2.66653
2.59792
2.83466
2.82029
2.51452
3.16793
2.9474
2.55656
3.07879
3.26278
3.10917
2.89518
3.14344
2.9945
3.55299
3.11063
2.96873
2.81539
3.02086
3.33292
2.89157
2.8367
3.05505
3.22434
2.89139
2.96884
3.28332
2.81617
2.97195
2.67862
2.87372
2.78737
2.3676
2.87642
2.95389
2.94875
3.01731
2.93179
2.92887
3.0896
3.00484
2.9188
2.75904
2.8377
3.1471
2.85933
3.06907
2.66204
2.84145
2.62784
2.83956
3.00142
2.91479
2.80654
2.79094
2.60931
2.69643
2.34979
2.88806
2.88846
3.26237
2.56648
2.44658
2.73834
2.79117
2.68925
2.93238
2.83509
2.90641
3.09683
2.34674
2.9768
2.69872
2.75232
2.71801
2.24719
2.84474
2.75437
2.9414
3.10674
2.85897
2.83548
2.37908
2.51039
2.60194
2.49278
2.86297
3.04461
2.61859
2.90706
2.63922
2.46238
2.97261
2.8768
2.60466
2.89631
2.75027
2.69475
2.78546
2.62334
2.86968
2.48117
2.652
2.56131
2.57352
2.96018
3.05571
2.78002
2.32739
3.06354
2.97727
3.02987
2.84302
2.6981
2.73884
2.37029
2.90412
2.88277
2.33249
2.70718
2.69989
3.05395
2.54732
2.79397
2.7463
3.00019
3.06898
2.96404
2.87501
3.01331
2.78198
2.35797
3.13998
2.63144
2.5913
2.82277
2.77195
3.17885
3.05818
2.69051
3.17682
2.94065
3.01714
2.72447
3.26098
2.47401
2.91621
3.36402
3.05164
3.06103
2.9952
2.95584
3.52612
3.46929
2.69626
3.36144
2.878
3.0993
3.30821
2.76852
3.14598
3.0018
3.09603
2.68262
2.76634
2.73874
2.69216
3.142
2.58988
3.07137
2.99237
2.86388
2.76538
3.41698
2.84022
3.33593
3.01952
3.12274
3.39533
3.15793
3.3143
3.07378
2.61406
2.60377
3.20086
2.97465
2.98243
2.77397
2.91839
2.6544
3.41952
3.26962
2.43705
3.08348
2.9659
3.14682
3.39955
2.97366
2.93723
2.87843
2.90149
2.63054
3.18108
3.03105
3.35916
2.80442
3.07446
3.18446
3.33473
3.10243
2.83665
2.96422
3.157
3.05913
2.99725
3.31728
3.16583
3.00157
3.14023
3.06985
2.54479
3.16366
2.96373
3.19712
3.06139
2.88666
2.82628
2.92942
2.63461
2.90422
2.92558
3.33553
3.40786
3.17574
2.63658
3.03221
2.71219
2.79954
3.03404
3.02236
2.90208
2.88459
2.68426
3.02546
2.96793
2.68362
2.90143
3.0984
3.20158
3.0429
2.99814
3.23237
2.6338
2.86849
3.0956
2.79625
3.09214
3.17776
2.82868
3.20836
2.85178
2.88481
2.44264
2.87512
2.90703
2.75376
3.03157
2.91856
2.896
2.67393
2.74495
3.05585
2.6439
2.91232
3.01519
2.98569
2.76476
2.92181
2.74543
2.46722
2.81475
2.5577
2.78764
2.58438
2.81323
2.55217
2.78722
3.14136
2.81502
3.59752
3.164
2.87734
3.06221
2.48483
2.59222
3.01371
2.76287
3.0136
2.67478
3.32279
2.89789
3.04577
2.67511
2.80161
2.65782
2.18289
2.64219
3.20093
2.81101
2.79488
2.90771
2.91602
2.88124
2.42197
2.60855
3.15053
3.30168
2.85206
2.9781
3.00775
3.30297
2.48227
3.01129
3.43729
2.91619
2.87047
2.80373
2.84918
2.97595
2.64033
2.7956
2.56942
3.00647
3.03092
2.6175
2.45741
2.33013
2.9807
2.94938
2.75406
2.70263
2.93147
3.2074
3.02168
2.55741
2.5691
2.69592
2.80035
3.05131
2.9591
2.83235
2.74757
2.47457
2.92888
3.28283
2.31189
2.85359
2.82887
2.57185
2.32486
2.41948
2.26175
3.06404
2.83451
3.15604
2.70798
2.9442
2.56247
3.16239
3.18567
2.35895
3.0535
2.7788
2.70853
2.84912
2.78782
2.65211
2.96343
2.85604
2.89469
2.47448
3.01889
3.03562
2.83908
3.01025
2.91143
2.45033
2.95012
2.5124
3.0204
2.97156
2.86856
2.90872
2.88373
3.18948
2.92191
2.97983
2.80627
2.97988
3.06099
2.90933
2.8122
2.86589
2.65925
2.99811
2.94593
2.68988
2.87531
2.62184
2.58564
2.75485
2.85918
2.78933
2.99613
2.86508
3.01405
2.69945
2.75155
3.01211
2.62687
2.57777
3.15602
2.91776
3.12259
2.89922
2.89195
3.20202
2.7272
2.99293
3.02261
2.47859
2.92333
3.10362
2.78692
2.69289
2.43855
3.05817
2.92349
3.04491
2.91602
3.1095
2.86108
3.07415
2.9498
3.04197
2.84937
2.78281
2.84299
2.94121
2.94649
2.38913
2.85441
2.96224
2.94629
2.66004
2.61737
2.94561
2.64595
2.78168
2.56056
2.99227
2.86508
2.58115
3.275
2.51147
2.70273
2.65857
2.81945
2.67933
3.07158
2.44424
2.64863
2.79249
2.98703
2.94588
2.78459
2.85623
2.56192
2.9468
2.72376
2.8073
3.36546
2.56504
2.95069
2.72507
2.81657
2.5771
2.84619
3.02681
3.19852
2.52358
3.10602
2.70213
3.05864
2.92457
2.79279
2.91289
2.74741
2.80304
3.00512
2.86318
3.10835
2.5301
2.71977
3.08906
2.74509
2.83063
3.00288
3.06174
2.75681
3.21026
3.04746
2.87299
1.8961
2.73248
3.13631
2.64127
3.26656
2.62689
3.03751
3.23736
3.19659
3.10018
2.73556
3.18419
3.03239
2.93309
3.24705
2.97972
2.84365
3.06451
2.71403
2.82636
2.98654
2.89058
2.97963
2.748
3.03395
2.89108
3.04944
3.1451
2.82462
2.62768
3.11687
3.13652
2.66566
2.83641
2.74973
2.5945
2.7057
3.01984
3.05912
2.98716
2.63708
2.71885
3.08504
2.95694
2.53104
2.8312
2.95768
3.0994
2.68218
2.98923
2.74451
2.90229
2.728
2.94329
2.65045
3.03163
3.08899
2.64462
2.99269
2.91505
2.23568
2.84546
2.68388
2.75594
2.68798
2.87101
2.58114
2.77548
2.67964
2.9033
2.82372
3.00427
2.63848
2.9632
2.88945
2.6497
2.90795
2.87846
3.11656
3.01392
2.67156
2.97635
2.41414
2.92195
2.59491
3.00614
2.65813
2.9188
2.94928
3.30853
2.92052
2.77444
2.97547
2.61346
3.00727
2.74777
2.49767
3.15671
2.99404
3.02528
3.15576
3.02665
2.84802
2.65555
2.87166
3.02125
2.69521
2.95145
2.56192
3.20973
3.52922
2.74413
3.13884
2.73563
2.81189
3.26253
2.78022
3.03409
3.5128
3.2841
2.69577
2.7708
2.86003
2.58116
3.12658
3.04201
3.13998
3.49325
3.12989
2.98912
3.31965
2.8144
2.68765
2.66993
3.17997
3.20513
3.21782
3.239
3.06573
2.45313
2.56565
2.91702
3.30308
3.32
3.05001
3.30145
2.59163
2.98655
3.27825
2.74062
3.08415
3.01101
2.86196
2.94779
3.00425
2.68366
3.30681
2.94893
2.83068
3.11826
2.98334
3.1208
3.22405
3.19368
2.93041
3.28936
3.17138
2.94502
2.69478
2.74548
2.93489
3.14457
3.05944
3.27003
2.96129
3.33839
2.98685
3.09305
2.97259
2.79419
3.01771
3.20072
2.80775
3.19604
2.84721
3.14023
3.07325
3.07573
2.87704
2.95647
2.68493
3.08393
2.56109
3.14709
2.9462
2.99579
2.63408
2.68794
2.61338
3.19689
2.91188
3.03236
2.76286
2.61065
2.55836
2.76097
2.80007
2.81698
2.78175
2.62793
3.08595
2.7413
2.3367
2.70852
2.84384
2.90282
2.77305
2.99735
3.09806
3.13799
2.56753
3.06449
2.83832
2.96376
3.16565
2.46508
2.9862
2.7094
2.61512
2.99478
2.65116
3.16567
3.23779
2.71266
2.53579
2.66912
2.67278
2.9739
2.95662
2.75136
2.98801
3.11428
2.84269
3.3649
3.42125
2.82995
2.40061
3.02649
2.40808
2.89749
2.91881
3.21717
2.9246
2.36119
2.91498
2.90094
2.77479
2.52462
2.65833
2.64098
2.92898
2.90381
2.72479
3.05325
3.0418
3.04498
2.84454
3.06636
2.99378
2.94584
2.85837
3.32524
2.82424
3.05124
3.07762
3.19272
2.44061
2.74234
2.89013
2.55749
2.87934
2.73049
2.85518
2.80827
2.93465
2.73485
2.98456
2.86741
3.03809
3.22699
2.97308
2.99446
2.56585
3.47894
3.01106
3.0448
3.17857
2.58339
3.11561
2.84496
2.87272
3.20949
2.55975
3.24334
2.96155
3.05361
2.50451
2.5669
2.91288
3.06198
2.68954
3.11664
2.60589
3.07856
2.93429
3.33746
3.06335
2.94458
3.18639
2.78466
2.45624
2.78285
3.14289
3.05951
3.21978
2.68337
3.26317
2.97732
3.05853
2.8113
2.86012
2.91845
3.2578
3.0705
3.33292
2.70085
2.90663
2.92611
2.81909
2.89907
3.09479
2.74221
3.09627
2.67017
2.63389
3.21006
2.81727
2.98455
3.14092
3.00402
2.88937
2.63933
2.97047
3.01874
2.47032
2.62669
2.62391
3.12256
2.75846
2.70279
2.89752
3.03521
2.60414
2.92908
2.9911
3.18134
2.93615
2.36981
3.33727
3.08841
3.3883
2.78983
2.70007
3.03942
2.94815
2.94864
2.54971
2.87746
2.82466
2.81882
3.02156
2.71686
2.96051
3.06062
2.45876
2.55771
2.93503
3.03073
2.91219
2.69504
3.13489
2.65912
3.0698
2.99528
2.74968
2.7147
2.68854
2.74186
2.93988
2.51938
3.28623
2.94689
2.99064
2.69407
2.90874
2.94472
2.61767
2.85746
2.95283
2.74889
2.88759
2.85387
2.90235
2.80434
2.89164
2.76838
2.69857
3.12798
2.8116
2.9132
3.10043
2.93471
2.77261
2.84734
2.86031
2.66097
3.1194
3.17717
2.84718
2.8791
3.44589
2.79325
2.75838
2.74077
2.96581
2.81879
2.89428
2.69356
2.93946
2.70674
2.55976
3.1044
2.90982
2.73449
2.93034
2.7412
2.9116
3.01514
2.93257
3.27048
2.93232
2.65774
2.52623
3.18033
2.99764
2.8595
2.62076
2.89403
2.55194
2.63899
3.07851
2.64985
3.27558
2.53233
2.64001
2.68771
2.48688
2.92379
3.16192
2.56669
3.0415
2.94176
3.11692
2.85934
2.51225
3.06257
2.87258
2.66635
2.86491
2.12308
2.69963
2.84148
2.26471
2.537
2.43662
2.53298
2.92527
2.59631
2.93544
2.5711
2.75097
2.58394
3.02041
2.917
2.73844
2.60249
2.65256
2.55608
2.66461
2.73297
2.63496
2.81181
2.68709
2.79762
2.49335
2.94829
3.25138
2.60645
2.91757
2.82021
2.29621
3.17889
2.60909
3.11981
2.80135
3.11659
2.72828
2.84611
2.99231
2.74904
2.85727
2.96371
3.0007
2.85059
2.84648
2.77661
2.7283
2.7538
2.75053
2.85014
2.47633
3.07626
2.54008
2.43383
2.79385
2.67898
2.56452
2.70365
2.86534
2.86022
2.59399
2.6816
2.73007
2.5842
3.09623
3.11778
2.60677
3.14031
2.74068
2.96718
3.01896
2.4396
2.60456
2.9296
3.30611
3.0947
2.61655
3.01131
2.94608
3.27668
3.13686
2.73732
3.1818
2.98674
2.85776
2.91122
2.46131
2.77706
3.01627
2.99283
2.89925
2.63941
2.78165
3.03072
2.82446
2.99732
2.81528
3.29194
2.80977
2.95609
2.85369
3.41732
2.71676
2.80879
2.45439
2.77281
3.01136
2.99631
3.0765
2.96634
2.57104
2.44909
3.35162
3.37467
2.88493
3.2522
2.9458
3.07683
3.10899
3.0368
2.93268
2.69561
2.99812
2.70978
3.11582
3.10769
3.19665
2.68665
3.15964
3.13881
2.80437
2.70835
3.03537
3.05869
2.67027
2.64518
3.17673
2.64531
3.1915
2.2939
2.85218
2.57853
3.0361
3.02782
2.97343
3.40649
3.30056
2.4888
2.93368
2.72649
2.74957
3.03962
3.47655
2.76378
2.82101
2.41551
2.47563
2.8769
3.02305
3.01004
2.90467
3.11795
2.6619
3.16437
2.9779
2.91298
2.7481
2.8805
3.0212
2.77402
3.2613
3.06355
2.73742
3.32029
3.20249
2.89414
2.9599
3.04484
2.8572
3.21262
2.84613
3.22438
2.43207
2.95508
2.74438
2.64777
2.94148
2.60637
3.3428
2.80337
2.71774
2.96991
2.90844
3.22998
3.31081
2.73777
3.33707
2.91472
2.4667
2.82124
2.80119
2.74076
3.27897
3.04615
3.15448
2.70038
2.57145
2.70194
2.86714
2.90917
2.72722
2.96917
3.40376
2.78708
2.86828
3.33451
3.20366
3.22724
3.03754
2.89567
2.64166
2.47001
3.1735
3.2218
2.87757
2.91035
3.02002
2.83361
2.77003
2.90251
3.0519
2.98488
3.16789
2.74567
3.08286
2.97553
2.77798
2.74125
3.2263
3.02103
2.83162
2.75946
2.34305
2.92347
2.92922
2.49109
3.18291
2.7609
3.02816
2.79568
2.88989
2.67434
2.66629
2.88704
2.46308
3.09961
3.05257
2.32333
2.76844
2.89843
2.67199
2.40673
3.04736
2.83228
3.10552
2.72462
2.9123
2.45364
2.72166
2.72298
2.44042
2.74771
2.63008
2.78146
2.70483
2.79327
2.91413
3.16913
3.03533
3.13719
2.54381
3.10424
3.04466
2.62539
3.12285
2.77004
3.02372
2.86491
2.78956
2.99757
2.97395
3.17377
2.422
2.8535
2.93051
2.30001
3.14208
2.96423
3.00188
3.09466
3.41955
2.89199
2.95644
2.9756
2.77743
2.83486
3.08416
2.90938
3.27378
3.25993
2.86816
3.10343
3.0245
2.87186
2.56923
2.66129
3.07657
3.09576
2.67175
3.00117
2.91274
2.54703
2.86404
3.18571
2.99697
3.09403
2.60476
2.71865
2.76863
2.65017
2.958
2.81597
3.12793
2.91552
2.81083
2.9592
2.77027
3.04716
2.57353
3.09329
3.03865
2.66482
2.7059
2.70701
2.77129
2.36487
2.93273
2.72332
2.83305
2.71342
2.93934
2.69679
2.95578
2.78048
2.7111
2.75009
3.00001
2.80681
2.66171
2.59268
2.69177
2.96072
2.87616
3.07468
2.91438
3.07091
2.49769
2.82819
3.05022
3.01171
3.04136
3.053
2.47489
3.03607
2.68763
3.03327
2.74239
3.02305
2.9269
2.63484
3.14191
2.91828
2.91641
2.96508
3.10359
2.8035
2.91797
2.652
2.84755
2.68074
2.78187
2.83242
2.90391
3.0236
2.94516
3.0292
2.71615
3.01827
2.95822
2.7407
2.81419
2.59862
2.18339
2.80888
2.93428
2.40449
2.48894
3.66166
2.60148
2.90632
2.4738
3.09951
3.57614
3.23315
2.77219
2.84508
2.85657
2.80955
2.86089
2.79133
2.89985
2.69528
2.59636
2.81085
2.66825
2.61893
3.20403
3.00721
2.88452
2.78551
2.47292
2.94255
2.54199
2.85106
2.56803
2.59305
2.86635
2.66136
2.94612
2.72798
2.56292
2.57587
2.85399
2.67199
2.98675
2.72481
3.17518
3.04134
2.82881
2.99368
3.11811
2.79102
2.79574
3.51115
2.66879
3.28772
3.29288
2.73129
2.93509
3.14236
2.73993
2.81807
3.0671
3.31059
2.95902
2.76098
3.22408
2.92098
3.13285
2.76219
2.81626
2.77383
3.01522
2.67863
3.09391
2.68
3.19956
2.88809
2.33596
3.09653
2.83187
2.63248
2.64514
3.50248
3.05741
2.9234
3.12811
2.89895
2.35095
3.14127
3.07417
2.81889
3.08311
2.86162
3.05813
3.57228
2.85974
3.36239
2.80977
3.2402
3.1381
2.75253
3.19786
3.2644
3.45753
2.95793
3.03918
3.21283
3.02133
2.88848
3.01483
3.2946
2.948
2.84158
2.5692
3.13628
3.17808
2.94989
2.51951
3.13791
2.67488
3.00329
3.14643
3.00274
2.80832
2.7435
3.14688
3.0537
3.33215
2.84365
2.9415
2.7291
3.12764
3.61944
2.67583
2.74649
3.21964
2.6667
3.32801
2.86736
2.68263
2.5462
3.12786
2.82964
2.93641
2.7799
3.02728
3.02714
2.94294
2.72331
3.02398
3.03817
2.6962
2.6473
2.64372
2.83845
3.11571
3.02087
2.89848
2.94822
2.98729
2.79361
2.99371
3.06933
3.22803
2.87352
3.04588
2.85528
3.27895
2.82693
2.85111
3.27688
3.28575
2.8504
2.95247
3.06088
2.97678
3.00829
3.3136
3.15675
3.28131
2.39944
3.09341
2.75789
3.01949
3.15875
3.36582
2.96479
3.02843
2.92741
2.74423
2.98369
2.79689
3.20369
3.14877
2.77245
3.20343
2.75035
2.87234
3.32689
2.83425
3.13046
2.61578
3.10463
3.05009
2.90204
3.01588
3.33108
3.25602
3.06103
2.70104
3.27072
3.3819
2.54834
3.13722
3.03645
3.02879
3.06249
2.57949
2.90514
2.97898
3.07783
2.59112
3.28
2.88315
2.6187
2.99165
2.75502
2.85786
2.97335
3.59637
2.9339
3.11313
3.1351
3.06875
2.78855
3.2818
3.31672
3.08824
2.98661
2.90443
3.60752
3.14529
3.21541
2.94193
2.88839
2.84901
2.45865
3.10674
3.08426
3.02165
2.4654
2.95318
3.29439
2.6812
3.07623
2.862
2.97564
2.70795
3.03777
3.11891
3.03954
3.14385
2.80442
2.63233
3.02278
3.09455
2.73965
2.59621
3.28701
2.97904
2.56242
2.88313
2.98873
3.18054
2.7811
3.06216
2.82397
3.03182
3.20851
3.08791
2.78711
2.38121
2.63382
2.85467
2.87196
3.04661
2.91873
2.65192
2.82581
3.35539
2.58381
3.13099
3.13881
2.86611
3.08898
3.24336
3.22009
2.65695
3.2627
2.51235
3.23122
3.18901
2.87097
3.54046
2.71154
3.2492
3.21205
2.74968
2.84655
2.7406
2.81415
3.18471
2.79676
2.8939
2.85844
3.35053
3.00189
2.99834
3.07885
2.9525
2.84595
2.7934
3.0516
2.43503
2.90858
2.86239
3.09377
3.12759
2.51027
2.95434
2.70835
2.58219
3.3764
2.75917
3.25607
2.85985
2.89041
2.7247
2.75505
2.82383
2.32735
2.78068
2.74553
3.0091
2.60773
2.2465
2.64303
3.14533
2.26724
2.29837
2.87871
2.62899
2.78476
2.57948
3.17124
2.64721
2.55361
2.87124
2.86706
3.11734
2.64362
2.82208
2.54145
2.47197
2.60734
2.8916
2.8278
2.81568
2.82992
2.91439
2.34908
2.70739
2.49834
2.60516
2.4396
2.86793
2.84094
2.89722
2.88156
2.48891
2.89658
2.59709
2.41452
2.89934
2.74737
2.72813
2.69212
2.64135
2.81916
2.96433
3.05587
3.07302
2.52523
2.72478
2.57691
2.82748
2.32766
2.82835
2.80421
2.81427
2.75653
2.4109
2.6169
2.53818
2.7178
2.66007
2.35551
2.9363
2.60101
2.59902
2.95014
2.44777
2.87196
2.75791
2.55251
2.82422
2.71773
3.17692
3.06085
2.88618
2.77552
2.52774
2.86681
2.69264
2.83461
3.37869
3.17564
2.79835
2.89502
2.82882
2.98889
3.01749
3.07551
3.04095
3.12988
3.07385
2.84856
2.69746
2.57474
3.12482
2.73239
3.06961
3.15944
3.02691
2.63063
3.01613
3.09692
2.71292
2.93556
3.34078
2.83881
3.20294
3.28486
2.69305
2.94751
3.24128
2.93116
2.77614
3.19983
2.94001
3.324
3.21578
3.5118
3.28809
3.03788
3.10944
3.21616
2.79025
3.29509
2.63609
3.06183
2.74505
3.4368
3.39978
3.05207
3.03781
3.1473
3.09014
2.64046
3.24541
3.15192
3.00283
3.48865
3.09399
3.23123
2.7266
2.95753
3.02819
2.898
3.31517
2.7933
2.91955
2.60397
2.84142
3.22525
2.87456
2.87088
2.82573
2.74542
2.61556
2.66229
2.67625
2.43655
3.05776
2.57402
2.9548
2.94029
2.68637
2.82267
3.30789
2.89448
2.72711
3.05002
2.78709
3.09451
3.06809
2.90465
2.90281
2.7595
2.46535
3.4628
2.88411
3.04283
2.39665
2.77042
2.8103
3.20313
2.97089
2.64635
2.84256
3.16739
3.05931
2.89279
2.67559
2.72474
3.03348
2.77349
3.2236
2.84831
3.12564
3.19028
2.62763
2.75513
2.82356
3.21012
3.02855
2.66878
3.04763
2.82209
3.34152
3.17781
3.09512
3.26939
2.76649
2.93292
3.12165
2.9953
3.14947
2.81654
2.75629
3.01658
2.74815
3.0161
3.11133
2.57157
3.06149
2.86404
3.18777
3.02383
2.66349
3.0262
3.33422
2.79828
3.06759
2.73292
2.7544
2.94809
2.84395
3.09488
3.15013
2.66409
2.80629
3.13306
2.65492
2.95778
3.38456
2.89782
2.82189
2.65023
2.78445
3.15894
2.74157
3.1283
3.04197
2.94
2.96144
3.3254
2.98542
2.94399
2.84462
3.3475
2.89216
3.18342
2.6882
2.92846
3.10475
2.91354
2.7375
3.13427
2.87412
2.68149
3.40238
2.92652
3.17377
2.84912
3.44216
3.18871
3.0458
2.84446
3.0306
2.98843
3.08807
2.83842
3.3889
3.02734
2.9796
3.12405
3.40875
2.98464
3.16243
3.19768
3.0249
3.33695
2.8797
3.06879
3.04052
2.81175
2.88467
3.12347
3.10448
2.90464
2.51641
2.94582
2.93122
3.02973
2.90522
2.96621
2.7971
3.05506
2.80719
3.00917
2.68548
2.91595
3.21141
2.45036
2.93432
2.91852
2.46366
2.95123
2.40228
3.09818
2.45904
2.36522
2.98144
2.96031
3.06963
2.5613
3.10117
3.17405
3.11237
3.01712
3.14353
3.13965
3.19933
2.948
2.79138
3.01647
2.74576
2.81311
2.68066
3.16926
2.92116
2.84301
2.59131
2.79868
3.1241
2.54743
3.02649
2.62352
2.6826
3.28145
3.14713
2.77048
3.04221
3.41758
2.9673
3.06974
2.96812
2.58034
2.95924
2.68637
3.09389
2.77292
2.88164
3.09868
2.99795
2.88913
2.85109
2.68083
2.53675
3.00856
3.1313
3.05325
2.90884
2.56207
2.46559
3.09884
2.90614
2.73115
2.95535
2.94092
3.01793
2.98692
3.01539
2.73112
2.36391
2.93956
2.86524
2.47427
2.45776
2.74247
3.00464
3.24702
2.5878
2.36786
2.44843
2.64914
3.21487
3.0196
2.95555
2.84421
2.70271
2.64308
2.36479
2.83866
2.81651
2.56257
3.18005
2.85018
2.8552
2.88795
2.44676
2.84748
3.03096
2.97986
2.75442
2.98296
3.15825
3.01162
2.72336
2.80913
2.43308
2.55155
2.99434
2.85137
2.53308
2.73319
2.9591
3.06455
2.96404
2.87585
2.84152
2.46601
2.55064
2.70035
3.04043
2.85129
3.0234
3.03868
2.55618
3.00561
2.43271
2.70865
2.29256
3.22134
3.02003
2.58597
2.79195
3.04077
3.00444
3.18577
2.71105
2.9012
3.19416
2.99895
2.33433
3.0085
2.76597
3.01746
2.42811
2.92424
2.98619
3.08186
2.58857
3.13057
2.95729
2.66897
3.2176
2.7152
2.65112
2.9885
2.68693
3.1309
2.42768
3.03363
3.11678
2.83307
3.03219
2.96328
3.04194
2.97794
2.95203
3.05995
3.08724
2.84462
3.07752
2.69178
3.25927
3.17894
2.82627
2.86233
2.93825
2.57528
3.18137
2.61085
2.99683
2.78718
3.21059
2.67807
3.19772
2.7943
2.97328
3.11442
2.81764
3.17759
2.89311
2.72571
3.42634
3.05319
3.186
3.15769
2.99651
3.11375
3.12747
3.3734
2.99044
2.70232
3.00239
2.94375
3.2558
2.84638
3.0342
2.78078
3.04701
3.00278
2.90036
3.29673
3.17411
3.05232
2.88612
2.6939
2.66377
3.02623
2.81551
2.67988
2.63883
2.58316
2.92374
2.39718
3.02959
2.80146
3.14044
2.79637
2.68644
2.86974
2.44789
2.85954
2.82709
2.97299
3.01541
2.79979
2.87948
2.94902
2.71011
2.72735
3.0254
3.00265
2.97402
2.88081
3.00154
2.89041
2.94172
3.09053
2.73979
2.79557
2.85807
2.54248
2.93355
2.6267
3.21329
2.97314
2.89664
2.76742
3.06132
3.22189
2.88059
2.92872
2.82886
2.85638
3.1489
2.58051
2.90665
3.09304
3.07798
2.71965
2.77666
2.91288
2.98153
3.1066
2.93895
2.65592
2.85745
2.56348
2.99155
2.42748
2.85496
3.46998
3.03434
3.35863
2.96807
2.91726
2.90749
2.82143
3.05811
3.08528
2.83955
2.56411
2.822
2.64749
2.61481
2.82508
2.66605
3.02895
3.04613
2.61229
3.03998
2.91883
3.0116
2.64736
2.90809
2.73925
2.92926
2.81299
3.16371
2.95029
2.80475
3.1229
3.28073
2.65574
2.89282
3.52976
2.87545
3.06289
2.94441
2.75947
2.98278
3.13388
2.99203
3.26101
3.06658
3.52382
3.26349
2.69391
2.9446
3.43299
2.79354
3.16044
2.8683
3.25798
2.98966
2.96197
3.41214
2.69203
2.80102
2.69453
2.77178
3.00808
3.28214
2.89858
2.77648
3.0348
2.85647
3.07641
2.89633
3.08142
2.97382
3.12348
2.98794
2.96634
3.10154
2.66941
2.81689
2.74097
2.70527
2.90811
2.62385
2.90914
3.22885
2.93805
2.80756
3.00616
2.62822
2.43354
2.87737
2.65217
2.88129
2.88875
2.97448
2.88203
2.53882
3.02632
3.01374
3.01761
2.99443
2.97463
2.93583
2.90192
2.8519
2.63904
2.47232
2.83893
2.80206
3.06835
3.16309
3.07568
2.70034
3.24863
2.68417
2.84913
2.96341
3.08412
3.22191
2.77523
3.21876
2.68209
3.03962
3.25409
2.75044
2.63969
2.98259
3.05918
2.96719
3.02556
3.08473
3.36348
3.18393
3.07606
2.83998
2.90758
2.73611
2.69633
3.08668
2.88317
2.89679
2.91958
2.87902
3.31672
3.05672
2.91857
3.00429
2.80167
2.76046
3.04314
2.43907
2.16009
2.58415
2.50612
3.15052
2.79724
3.20618
2.39103
2.53689
2.72233
2.93984
2.84272
2.75044
2.49902
2.7122
2.65214
2.71291
2.99782
2.57679
2.7018
2.64133
2.74918
2.4134
2.80356
2.80006
2.81644
2.87953
3.05737
2.61657
2.99191
2.54011
2.83509
3.02182
2.68479
2.64471
2.72769
2.6795
2.79619
2.29173
2.82645
3.03332
2.60269
2.62921
2.54069
2.44292
2.86215
2.71049
2.7344
2.68167
2.89635
2.53152
2.50323
2.41807
2.4936
2.4577
2.61159
2.95321
2.98188
2.43508
2.61778
2.92174
2.50173
2.84664
2.84206
2.57787
2.99292
2.62464
2.82871
2.99476
2.63086
2.65879
3.06993
2.97642
2.53959
2.83458
2.46881
2.6931
2.99455
2.55216
2.98575
2.89678
2.56064
2.85791
2.83557
2.44863
2.82166
2.511
2.79008
2.94365
2.61439
3.00282
2.84431
3.01842
2.3976
3.4685
2.94858
2.8457
3.05999
2.93172
3.16846
3.07021
2.69683
3.01668
2.60396
3.09325
3.1502
2.96895
2.74823
2.71428
3.08166
2.8755
2.92524
2.58282
2.68883
3.05657
2.85893
3.09734
3.40302
2.94093
2.93683
3.01029
2.77619
2.39941
2.44005
2.70731
2.76912
2.98501
2.742
2.56874
2.36605
2.75426
3.14642
2.84353
3.27905
2.64565
2.96956
2.81527
2.7007
3.25873
3.04424
2.87708
3.12708
2.68055
3.07151
3.01162
3.07724
3.52566
3.07029
3.01517
3.21415
2.66012
2.77695
3.25722
3.00143
3.06378
2.47227
3.1616
3.09069
2.89118
3.48544
2.65189
3.3076
3.40312
3.05897
3.10684
2.97318
2.79411
3.13055
3.12076
2.8833
2.71745
3.07001
3.278
2.99346
3.18332
3.03826
3.02311
2.93384
3.05639
3.07731
2.92895
3.17353
2.93241
3.29603
3.26479
2.95114
3.30455
3.5772
3.12637
3.06666
3.14469
3.0924
2.99871
2.94826
2.99758
3.33829
2.96743
2.89211
3.21148
3.15398
3.25204
3.00422
2.70948
2.64026
2.62453
2.71746
2.39773
2.8156
2.83199
2.75489
2.88196
3.0763
3.21806
2.39393
2.72353
2.91664
2.62533
2.85849
3.01672
2.52475
3.07179
2.65674
2.81276
2.59826
2.41307
2.93801
2.92556
2.56755
2.8188
2.51828
2.85925
2.75236
2.78013
2.68435
2.9604
2.4652
2.93864
3.08546
3.03465
2.86479
3.11788
2.98145
3.14683
2.85901
2.95652
2.58149
2.63912
2.664
2.6722
2.34924
2.84668
2.97421
2.94312
2.89231
2.79761
2.45662
2.55826
2.69657
3.00597
2.72955
2.60395
2.78196
2.62125
3.01649
2.95572
2.3173
3.06347
2.6911
2.7039
2.6312
2.95008
2.83913
3.1473
2.29859
2.52406
2.90256
2.73309
2.8674
2.77631
2.99982
2.6926
2.77214
2.67525
3.25492
2.67001
3.12109
2.94806
2.92966
2.59022
2.98886
2.97396
2.90918
3.03371
3.0021
2.44226
3.0893
2.75196
3.06979
2.79731
2.78206
2.93487
2.62927
2.8658
3.00921
2.61981
2.70013
3.045
2.79136
3.1201
2.71645
2.8483
2.85535
2.97468
2.79814
2.92168
2.83796
3.19105
2.91896
2.85938
2.77901
2.57038
2.42885
2.5561
2.6241
2.32695
2.74504
2.82611
2.64688
2.71695
3.05618
3.11867
3.11345
2.67824
2.88983
2.81997
2.67971
2.8301
2.43702
2.91294
2.83715
2.79126
3.07516
2.81497
2.60777
3.19101
2.5091
2.64128
3.05746
2.63898
2.97914
2.50052
2.9086
2.91624
2.82898
3.13378
2.84309
3.16459
2.72188
2.49116
2.92271
2.83085
2.79058
2.89406
2.71672
2.65139
2.92987
2.94239
2.92298
2.7134
2.71347
2.95071
3.01454
2.59664
2.99726
3.29341
2.64916
2.77603
3.11092
2.7547
2.82989
2.61123
2.83599
2.9201
3.21387
2.66418
3.05355
3.0574
2.70549
2.8658
2.46502
3.112
2.64372
2.5875
3.25038
2.58839
3.30243
2.77581
2.50778
2.71016
3.16139
2.6946
2.9298
2.83781
3.04844
3.23239
2.67025
3.07896
2.55158
3.2111
2.59772
3.05729
2.81071
3.07461
2.91833
2.66887
2.43227
3.24624
3.03818
2.84078
2.97774
3.04905
2.60276
2.82318
2.58867
3.00111
2.49904
3.18659
2.70775
2.74955
3.28101
3.38668
2.76245
3.1288
3.0053
3.04523
3.32399
2.56042
2.8012
3.01783
2.64794
3.03305
2.80738
2.8221
2.63164
2.59372
2.50678
2.45441
3.00255
2.85178
3.25088
3.08917
2.61154
2.92677
2.61205
2.24451
2.76736
3.29358
2.87829
3.09362
3.10551
2.48261
3.27915
3.09584
3.09969
2.97296
2.80484
3.10925
3.02236
2.87925
2.99202
2.96134
2.39633
3.18915
3.28984
2.84634
2.8425
2.90436
2.64686
3.50991
3.18409
2.5979
2.8773
2.91956
2.54501
2.61798
2.98385
2.63766
2.67744
3.03149
3.17939
3.02939
3.26114
3.239
2.97424
3.13081
2.78276
3.23067
3.14629
2.82737
3.24793
3.13287
3.03067
3.29253
2.88071
2.60311
2.7907
3.21433
2.9767
3.1113
3.11947
2.94893
2.88216
3.07195
2.62805
3.00077
2.88623
2.55818
2.63093
3.05709
2.70173
2.73739
2.98028
2.60991
2.48766
2.74401
2.73891
2.59632
2.44389
2.37537
2.56239
2.86484
2.67629
2.59809
2.90462
2.81407
2.81701
2.55947
2.58055
2.85735
2.81785
2.61826
2.35335
2.79866
2.38251
2.82104
2.79001
2.39436
2.56874
2.51158
2.30634
2.89857
2.73393
2.91772
2.92997
2.86936
2.84599
2.54292
2.87723
2.82669
2.94512
2.34838
2.53402
2.77557
2.77962
2.45902
2.62044
2.91969
2.33838
2.65083
2.65202
2.53477
2.70782
2.83841
2.72086
2.81347
2.58541
2.28881
2.45127
2.72359
2.885
2.59354
2.83816
2.6107
2.73373
3.17263
3.03859
2.94441
2.82218
2.90323
2.89492
2.68529
2.76689
3.18203
2.57771
2.36554
3.27125
3.08393
2.9737
3.40875
2.48972
2.7844
3.14608
3.22445
2.82443
3.07511
3.42485
2.99542
3.08935
2.71172
2.58303
3.05836
2.93583
3.09034
3.29512
3.06052
3.18796
3.0067
2.83922
3.02582
2.78842
2.66334
2.91758
2.73016
3.03758
3.01083
3.1104
2.91859
2.64066
3.30028
3.01076
2.61231
2.79704
3.33512
2.97722
3.38775
2.74857
3.1937
3.05045
3.01366
3.25658
2.914
3.47043
2.71002
2.36403
2.76314
2.66751
2.96348
2.46276
2.70052
2.89108
2.80003
2.54023
2.72306
2.80123
2.98355
2.85441
3.15461
2.99551
2.4385
2.63296
2.68836
3.10249
2.98728
2.6898
2.89602
2.54582
2.94012
2.75948
2.44495
2.77484
2.33139
2.99306
3.06609
2.73246
2.72017
3.02577
2.75734
3.00744
2.81666
2.54439
2.92671
2.65724
2.83166
2.82814
2.63942
2.85775
2.60817
3.17484
2.79214
2.35095
2.55829
2.74157
2.70308
2.70693
2.60864
2.78682
2.5342
2.69872
3.06623
2.9525
2.79507
2.72538
3.16376
2.96989
2.9503
2.75412
2.98711
2.73901
3.09545
2.73686
3.19389
2.99615
3.32453
3.00651
3.06368
2.89898
2.45654
2.73291
2.78509
3.17211
3.04847
2.55446
2.94817
2.73942
3.1523
3.20885
2.82242
2.90653
2.73449
2.78365
2.58153
3.26986
3.16646
2.96473
2.97795
3.39798
2.99799
2.62165
2.981
3.01164
3.20027
2.77064
2.94671
3.25578
3.01601
3.08504
2.74303
2.6743
2.11507
2.73691
3.04874
2.88077
3.24749
2.65137
2.85054
3.34297
2.84261
2.80048
3.09058
2.83679
3.0511
2.84422
2.53625
2.9452
3.11364
2.63343
2.82688
2.77994
2.95326
3.05907
2.87436
2.98529
2.6999
3.07877
3.18343
2.28301
3.10185
2.96523
2.8703
3.26713
2.51155
2.77225
2.89102
2.80324
2.66702
2.78348
3.34034
3.55931
2.90085
2.69675
2.81929
2.9987
2.79792
2.82873
2.67386
2.68625
2.57539
2.65393
2.86284
2.5323
2.66944
2.73441
2.73979
3.12244
2.66426
3.40262
2.56923
2.96554
3.04451
2.96354
2.97454
2.6541
2.75387
3.39242
2.92414
3.09422
2.59761
2.67297
2.88961
2.79377
2.90134
2.55213
2.75956
3.01568
3.10969
2.75315
2.79728
2.90823
2.8894
2.78091
2.97447
2.54454
3.32825
2.79903
3.04916
3.28029
2.77208
2.56799
2.88905
2.57933
3.17256
2.52474
3.28099
3.08409
2.72692
2.77714
2.88323
3.05627
3.09416
2.82627
3.00375
2.96432
2.87327
3.23371
3.20295
3.21781
3.00617
3.01024
2.97014
2.92192
2.84685
2.66283
2.87513
2.90097
2.50589
2.97414
3.20562
2.46904
3.04357
2.90303
2.89831
2.89536
2.71227
2.99487
2.85083
2.8292
2.86895
3.15419
2.98569
2.91092
3.13136
2.74076
2.72608
3.00783
3.23792
2.93002
2.78353
3.21362
2.93059
2.83616
3.35532
2.82631
2.98354
2.93402
2.7731
3.54624
2.96835
2.89032
2.97091
3.13649
2.89966
2.92121
2.53937
3.01658
2.69512
2.69251
2.59528
3.35857
3.01828
2.97093
2.88907
3.065
2.64921
2.47242
3.13821
2.72739
3.04307
3.0529
3.2852
2.77161
2.88952
2.89031
3.06049
2.95888
3.57611
2.6845
2.86768
2.34275
2.62381
2.61134
2.74488
2.95061
2.70813
2.39943
2.66343
2.91434
2.84482
3.08617
2.40565
2.59102
2.71537
2.81583
2.55949
2.77472
3.04777
2.50631
2.69148
2.83502
2.5187
2.6989
2.49545
3.30854
2.8183
2.72779
2.76815
2.86876
2.74218
2.83349
2.88534
2.52512
2.60356
2.95571
2.71235
2.80672
2.3919
2.90675
2.83839
2.84157
2.92015
2.42077
3.00211
2.87288
2.73003
3.2227
2.74317
2.9165
2.26674
2.73784
2.79124
2.70948
2.94006
2.84237
2.88559
2.58761
2.69948
2.8436
2.74711
2.36961
2.8141
2.4615
3.10328
2.98933
3.11574
2.72421
3.31567
2.9011
3.03027
3.01065
2.93814
2.91694
3.02681
2.6491
3.069
2.7611
3.35927
2.82366
2.58913
3.01838
2.42695
2.89093
2.54638
3.04287
2.742
2.83697
3.0574
2.69026
2.79304
3.12775
2.62351
2.61422
3.03672
2.93024
2.26038
3.0798
3.19148
3.1269
2.74639
3.07771
3.20051
2.45291
2.83446
3.1499
2.40526
2.89519
2.72965
2.69637
2.85635
2.48638
2.67813
2.72796
3.07807
2.75147
2.91812
2.82338
2.53518
2.92648
3.1854
2.87897
2.95112
3.2538
2.7952
2.91235
2.90912
3.01539
3.08107
3.06956
3.00449
2.98995
2.83332
3.20533
3.22561
2.59296
3.21534
2.81938
2.70864
2.76294
3.0394
2.93312
2.80583
2.8683
2.75162
2.79201
2.66288
2.6411
2.62086
2.57154
3.13329
3.01218
2.82968
3.52624
2.68925
2.69807
2.96366
3.06601
2.61795
3.23989
2.64897
2.63883
2.66466
2.91837
2.78865
2.83366
2.56027
2.55312
2.74056
2.90302
2.56381
2.81838
2.67462
3.12556
3.24578
2.649
2.54622
2.84917
2.41358
2.77098
2.9947
3.23602
3.09657
2.48136
2.69092
2.73767
2.91991
2.78623
2.74399
2.67607
2.64078
2.49218
2.8363
2.92873
2.91727
2.64177
2.91906
2.90663
2.75179
2.41592
2.67931
2.92126
2.99215
2.63398
2.79314
3.07577
2.61642
2.57472
2.94182
2.66922
2.97139
2.49522
2.77464
2.79792
2.98064
2.79503
2.48621
2.24538
2.80052
3.07621
2.40301
3.18513
2.92032
2.71143
2.45985
2.45935
2.73308
2.63178
2.92169
2.56838
2.55684
3.12427
3.12996
2.96104
2.46848
2.53416
3.05618
3.00091
2.56409
2.79775
2.7824
2.71246
3.06642
2.90304
2.80412
2.51607
2.89567
2.79516
2.78025
2.61679
2.66909
2.70815
2.80973
2.27184
2.77274
2.6021
2.46095
2.51564
2.94419
2.63467
3.02759
2.63496
2.93076
2.73077
3.48089
2.60467
2.90202
2.75991
3.01395
2.71284
3.45568
3.17039
3.05213
3.21637
2.89245
2.76368
3.01515
2.79041
2.98148
2.97492
3.3832
2.96141
3.16179
2.70811
2.96754
2.95224
3.15042
2.88652
2.25383
2.99478
2.71467
2.70582
2.83935
2.8745
2.97672
2.47963
2.97824
2.96665
2.59985
2.97104
2.82511
3.04814
2.80432
2.96852
3.07403
3.14708
2.95192
3.31559
2.69386
3.05601
3.00029
2.94665
2.59198
2.54894
2.89684
2.46162
2.75607
3.15633
3.19863
2.9947
2.67173
3.34782
2.67964
2.74662
3.12326
2.57479
2.67099
2.88587
2.91822
2.97509
2.58964
2.87262
2.741
2.71102
2.6048
2.26968
2.70604
2.37114
2.84167
2.57234
2.81587
2.86432
2.66692
2.60299
2.62535
3.00284
2.69469
2.92525
2.99565
2.94262
3.12253
2.64501
3.00343
2.58134
2.81426
3.00063
2.60238
3.37821
2.71576
2.9528
2.74044
2.66857
3.05159
2.87946
2.61566
3.17803
3.15496
3.1105
3.24259
2.78569
2.64997
3.23191
2.71407
2.99554
2.74774
3.36656
2.96026
2.85178
2.87607
2.85422
2.36962
2.85584
3.02277
2.93131
3.0264
3.11853
2.92201
3.12361
2.98257
2.62863
2.75535
2.96868
2.86408
3.00983
3.25734
3.17154
2.95215
2.67231
3.3386
3.10637
2.52297
2.89793
2.60993
2.63209
2.76105
3.11296
2.94242
2.79547
2.77621
2.87318
2.70187
2.72522
2.94548
2.71704
2.82395
2.62588
2.41732
2.75833
2.7965
2.63686
2.83438
2.69914
3.04376
2.75766
2.81103
2.9974
3.08872
2.61459
2.65295
3.16752
2.3834
3.04777
2.76319
2.96987
2.96603
2.35904
2.95908
2.70046
2.68585
3.02676
3.14404
2.98915
2.90902
2.7235
2.9466
3.08176
2.5631
2.64924
3.04543
2.67715
3.02303
2.59305
2.63174
3.15536
3.21704
2.58826
3.40229
2.74205
3.21946
2.96936
2.80012
2.88903
2.56449
2.81488
2.81534
2.84516
3.5635
3.05256
2.73068
2.70752
2.73861
2.89325
2.83582
2.49696
2.50895
2.55258
2.90261
2.63929
2.8294
2.86774
2.84407
2.63854
2.45715
2.73482
2.69857
2.9142
3.11417
3.33454
2.73919
3.05816
2.59461
2.58648
2.95616
3.18048
2.55704
3.11892
2.71317
3.07732
3.11554
2.78193
2.77415
3.08942
2.45152
2.8036
2.30674
2.54777
2.82908
2.85857
2.57083
2.85661
3.18852
3.21237
3.18972
2.76141
2.60469
2.77537
3.13435
2.61382
2.9816
2.70086
2.47447
2.98502
2.77896
2.88471
2.55803
2.86609
2.31206
2.67783
3.2368
2.75047
2.94184
3.08817
1.98834
2.78604
2.69308
2.85901
2.71406
2.91415
2.58293
2.6135
2.57433
2.55394
2.85458
2.87286
3.17339
2.97455
3.05338
2.70399
2.90345
2.94326
2.75725
2.44387
2.49778
2.90539
2.86741
3.11257
2.7847
3.18628
2.84304
2.99896
2.95923
2.49098
2.60558
2.6565
3.0061
3.08478
2.82451
3.10222
3.05296
3.08354
2.71157
2.59242
2.78824
2.70553
2.83098
2.89873
3.01921
3.09773
2.69554
3.04148
3.03027
2.7005
3.27544
2.7557
2.99499
2.64707
2.78859
3.22407
3.0161
2.49992
2.86962
3.34284
2.65199
3.00813
3.16021
3.19798
3.22482
2.81408
2.98086
3.20011
2.92216
3.3007
2.59152
2.73297
2.9599
3.09909
3.21066
2.8081
2.78573
3.12179
2.75801
2.94059
2.67876
2.78112
2.97124
2.9352
2.8032
3.04891
3.09406
2.98152
2.72233
2.82462
2.84921
2.69494
3.02603
2.68394
3.00709
2.95543
3.06724
2.93949
2.84005
2.81898
2.49424
2.86646
2.62883
2.53162
2.94842
3.09322
2.79279
2.76376
2.67108
2.96908
2.90603
3.02853
2.21502
2.48494
2.80189
2.82507
3.10198
2.76739
2.87485
2.76843
2.85583
2.40817
2.5553
2.95078
2.68225
2.94128
2.75603
3.01467
2.70529
2.31472
2.85674
3.04668
2.91323
2.98318
2.50811
3.03224
2.80982
3.02869
2.89663
3.04518
2.83366
3.03282
2.89853
2.87443
2.70277
3.40944
2.88676
3.08557
3.08468
3.28399
3.49159
2.90727
2.91241
2.98025
3.04488
3.26661
3.12557
2.99441
3.00696
3.34262
2.9559
2.60771
3.18366
3.4849
2.95444
2.80528
3.03799
2.85992
3.0032
2.74164
2.87899
3.20473
3.00697
2.90141
2.80538
3.15748
3.22865
3.06035
3.12239
2.75543
2.71536
2.80157
3.15963
3.43713
3.04514
3.029
3.24919
3.19853
3.42903
3.05202
3.01955
3.09058
2.82488
3.23281
3.34632
2.72101
3.08833
3.06978
3.14759
2.81906
2.99342
2.88431
2.94314
3.39828
3.13567
3.13371
2.94423
2.57934
2.52667
2.98938
3.03223
2.67246
3.17006
2.71125
2.67705
2.64711
2.81231
2.84822
3.08019
3.01796
2.76312
2.65676
2.83725
3.07552
3.10248
2.64824
3.07849
3.26016
2.47926
3.08639
2.68201
3.03724
2.9411
2.81197
2.93057
2.76972
3.13631
2.44566
3.06117
2.92866
2.75258
2.58109
2.83558
2.62624
2.55951
2.79567
2.77237
2.67075
3.2543
2.50297
3.10918
2.84691
3.30523
2.96158
2.9519
3.23955
2.89443
2.9606
3.54546
3.27214
3.32316
3.22101
3.17439
3.40031
3.39977
3.07273
3.05477
2.88431
3.43399
3.23467
3.17365
3.21296
2.96811
3.47679
2.79511
3.18178
3.16057
3.07613
3.09615
3.36385
2.56283
3.16148
2.79255
2.98112
3.01853
3.06279
3.03388
3.08334
3.08096
2.65339
2.91744
2.59371
2.96168
2.78193
3.03682
3.34313
2.80981
2.36505
2.68727
2.68742
2.93253
2.30751
2.83203
2.9067
2.73502
2.94951
2.53072
2.61328
2.55763
2.22097
2.62031
2.71674
2.60011
2.84597
2.5535
2.75283
2.81156
2.5867
2.91582
2.4789
2.52372
3.08871
2.4169
2.97827
2.57203
3.02526
2.36319
2.63678
3.23846
3.0331
2.90917
2.55452
2.74414
2.30634
3.05304
2.6741
2.52552
2.82974
2.57346
2.74289
2.58952
2.79472
2.68329
2.80462
2.75344
2.69816
3.13306
3.09474
3.01098
2.9746
2.96725
2.69252
3.06383
3.22327
2.92413
2.81665
2.65497
2.49931
2.85997
2.9092
3.04513
2.45265
2.73868
3.0836
3.20182
2.8733
2.91835
3.25115
2.95262
2.90322
2.95458
2.83735
2.53234
2.74094
3.08264
2.99297
2.70763
2.79227
3.04553
2.83217
2.87079
2.85675
2.99515
3.24123
2.98977
2.90555
2.96579
2.64024
2.41263
2.6768
3.50892
2.72667
2.98687
2.53397
2.80012
2.79395
2.90673
2.91855
2.63363
2.72486
2.62852
2.89262
2.79315
2.82422
2.46461
2.92354
2.82491
2.47339
2.84962
2.75353
2.9761
2.65024
2.73935
2.96324
2.68223
2.79943
2.93068
2.9558
2.98495
2.71997
3.18822
2.67543
3.02143
2.60455
3.09886
2.99699
2.81591
2.87087
2.88824
2.94986
2.68401
2.96427
3.24003
3.03883
2.80121
2.93193
2.62429
2.56103
2.35632
2.85363
2.76638
2.78082
2.74835
3.15685
2.78551
2.57584
2.97137
3.05534
3.1208
2.66499
2.85517
3.03963
2.81407
2.4309
3.13261
2.88811
2.69894
3.11391
2.95165
3.02691
2.97479
2.92817
2.60219
3.02068
2.51643
3.0288
2.79849
2.67486
2.88794
2.70086
2.79782
3.44566
2.98177
2.79754
3.14167
3.02155
2.70886
2.68597
3.0314
2.91748
2.50903
2.7049
2.69623
2.99501
2.45364
2.93948
2.94645
3.18243
2.93087
2.85126
3.03144
2.79374
3.31131
3.2525
3.0219
3.17753
3.13081
2.78731
2.99039
3.23731
3.21107
3.04123
3.17892
2.91052
3.25773
2.92745
2.81891
2.95748
3.16256
3.05309
2.83905
3.25233
3.04109
3.01138
2.99994
3.18317
3.20438
2.96151
3.29666
2.96808
3.19235
3.02966
3.27333
2.94544
2.60393
3.12155
3.03777
2.89296
3.3465
3.26268
2.87985
3.06158
3.13519
2.91902
3.20019
3.30548
3.14613
3.00503
3.31967
3.09042
2.65695
3.38113
3.46343
2.9642
3.57082
2.89193
2.87374
3.08788
3.27892
2.87712
3.00478
3.06039
2.52727
2.35776
2.69548
2.87562
2.65139
2.69406
2.87161
2.8927
2.68242
2.85776
2.75072
2.79963
2.59162
3.12636
2.90359
2.78276
3.04679
2.927
3.31526
2.04115
2.94677
2.92459
2.79784
3.12384
2.86159
2.96666
2.81378
2.75808
2.82013
2.92374
2.99197
2.79507
2.88153
2.86632
2.4711
2.75407
2.50805
2.86465
3.11459
2.61981
3.10484
2.33212
2.5781
2.62013
2.70934
3.32608
2.71035
2.58494
3.09289
2.97129
3.33322
2.78343
3.29242
3.09618
2.57866
2.70129
2.89311
2.8715
2.63054
3.03967
3.11991
2.96509
2.6013
2.97629
2.95402
2.738
3.09889
2.92372
3.29972
2.89313
2.98541
3.17131
2.8859
2.70057
3.17429
2.66005
3.23749
2.88452
2.78158
2.96918
2.8848
2.98746
2.96434
3.1441
3.14471
2.48501
2.69363
2.82285
2.97852
3.26504
2.76121
3.14819
3.35495
2.90066
2.9392
3.10446
3.17615
3.1126
2.9608
3.13301
2.72787
2.72004
2.60464
2.78713
3.14755
2.71808
3.01983
2.80706
2.9772
2.95768
2.67672
2.72486
3.18193
3.57336
2.66303
3.44499
3.34383
3.3094
3.09748
3.17895
3.58592
2.60401
3.02355
3.15799
2.51908
3.19326
2.90226
2.68256
2.85694
2.81705
2.76803
3.0957
2.83378
2.8301
2.75348
2.52926
2.76923
2.8234
3.05286
2.85278
3.04519
2.70126
2.75368
3.16618
2.48522
2.66233
3.12247
2.4574
3.06872
2.91949
2.68845
2.81454
2.20107
2.88462
2.81726
3.26838
2.53689
2.65769
2.33102
2.18714
2.61518
2.70493
2.92038
2.94765
2.87915
2.63611
2.62503
3.07475
3.18345
2.74877
3.14268
2.73622
2.90877
2.78406
2.93001
2.94067
2.81408
2.88858
2.34738
2.88649
2.96886
2.94825
3.0501
2.89299
2.91106
3.10784
2.40192
2.70996
2.78585
3.3892
2.38016
2.98921
2.33815
2.96545
2.90937
2.63964
2.69311
2.71484
3.02783
2.49242
2.85829
2.93434
3.079
2.74022
2.8032
3.00542
3.13735
2.72714
2.84652
3.02672
2.90961
2.97488
2.82829
2.95172
2.93122
3.2621
2.82653
2.69231
3.09983
2.42983
3.12435
2.86649
3.05148
3.04477
3.1519
3.18839
2.7793
2.93871
3.47287
2.89963
3.66077
2.73116
2.63213
2.60625
2.46034
2.72779
3.21047
2.80144
2.86796
2.6579
3.06335
2.86039
2.99661
2.70058
2.67966
3.2486
3.10068
2.36026
3.06268
2.55304
2.91744
2.9309
2.77294
3.1464
2.85612
3.33999
2.61453
2.79904
3.00162
3.19102
3.23195
2.76331
2.61367
3.30419
2.71137
2.94515
2.68608
2.6952
2.76267
2.94041
2.94888
3.08485
3.14234
3.10777
2.84377
2.95676
2.92215
2.48978
2.57698
2.82577
2.57605
2.88778
2.74048
2.93574
2.80402
2.55055
2.89603
3.07473
3.2175
2.7139
2.94229
3.0227
2.86197
2.94138
3.18118
2.70954
3.25396
2.95677
2.78295
2.99418
3.04414
2.95464
3.24924
2.58545
2.86459
2.50556
2.54093
2.87088
3.37046
2.52628
3.33083
2.63937
2.82378
2.69
3.09305
2.8532
2.64874
3.04285
2.73463
2.47466
2.91564
2.92077
3.06681
3.11963
3.0182
2.66513
2.7068
3.08263
2.96709
2.8679
2.92805
2.60536
2.61652
3.17112
2.4714
3.35672
2.53292
2.93946
3.07784
2.77281
2.78875
2.5654
2.87269
3.13449
2.86497
2.84648
3.36734
2.80777
2.75687
2.6989
2.98162
3.07441
2.70781
3.0286
3.34331
2.92463
3.19035
2.86985
3.17014
2.76979
3.12046
2.61914
2.82695
3.2667
3.04729
3.0836
2.80309
3.01406
2.96048
2.74145
2.87911
3.01066
2.82551
2.61751
2.91665
3.14958
2.84548
2.70222
3.34405
3.04021
3.28513
2.75261
2.68127
2.88027
3.27895
2.59494
3.00624
2.8012
2.60905
2.98547
2.60719
3.05086
2.70474
3.57461
2.40855
3.08515
2.56608
3.3668
3.10431
3.48017
2.83976
2.50221
2.91304
