1.52989
0.898071
1.1999
1.2923
1.18656
1.429
1.1584
1.53452
1.34735
1.52099
1.58725
0.808774
1.52724
1.18621
1.35633
1.31613
1.24863
0.895814
1.35061
1.32789
1.23148
1.14877
0.927371
1.28169
0.596222
1.24096
1.36742
1.25972
1.03902
1.51303
1.47428
1.22927
1.01615
1.44868
0.908719
1.1275
1.30827
1.7061
1.46967
1.35841
1.30603
1.45346
1.0669
1.24857
1.42114
1.14847
1.34049
0.72498
1.44962
0.939205
1.16444
1.13823
1.36927
1.47101
0.698525
1.44248
0.977683
1.33559
1.22454
1.30221
1.1491
1.25438
1.51225
0.992485
1.50076
1.35164
1.41013
1.26638
1.78043
1.0635
1.59396
1.3682
1.39249
1.47397
1.70275
1.42737
1.52388
1.58146
0.656023
1.45432
0.994877
1.3081
1.34146
0.840713
0.938055
1.27137
1.31237
0.799179
1.04608
1.46114
1.08355
1.39721
1.43141
0.85639
1.29975
1.40487
1.3686
1.30035
1.52589
1.38984
1.40447
1.10494
1.52058
1.84523
1.40605
1.54488
1.68554
1.52132
1.63203
1.00688
1.15729
1.48736
1.66861
0.845118
0.927774
1.47855
1.56041
1.6304
1.06814
1.40126
1.04322
1.43354
1.47965
1.26281
1.3763
1.42119
1.68627
1.5499
1.12712
1.46221
1.64979
1.44291
1.47949
1.2824
1.70165
1.43641
1.62728
1.25172
1.5039
1.69085
1.77019
1.59106
1.50283
1.61259
1.5033
1.63442
1.2066
1.48211
1.80849
1.68706
1.55208
1.33078
1.30967
1.50511
1.59632
1.28096
1.29035
0.993915
1.4971
1.51767
1.54173
1.59171
1.65832
1.03457
1.31037
1.4093
1.10893
1.58367
1.31184
1.28252
1.83072
1.50575
1.36055
0.85286
1.63795
1.25426
1.41677
1.20104
1.50326
1.42389
1.58239
1.43005
1.35349
1.44741
0.994937
1.35661
1.29594
1.51034
1.37281
1.47724
0.662241
1.71411
1.57218
1.71403
1.28987
1.54675
1.2518
1.13654
0.87428
1.2181
1.58539
0.880529
1.43321
1.57491
1.37177
1.51329
0.903873
1.37006
1.13814
1.34523
1.39497
1.03288
0.808831
1.33688
1.09577
1.43738
1.0387
0.954004
0.963195
1.12802
1.26227
1.21287
1.40014
1.02638
1.41699
1.03197
1.25546
1.11377
1.37704
1.31829
1.17866
1.18085
1.23848
1.56668
1.09307
0.787125
1.26709
1.06248
1.02075
1.52677
1.26059
1.38945
1.15872
1.18706
0.548313
1.29368
1.21027
1.31729
1.38834
0.945542
1.18326
1.28406
1.32778
1.22984
1.07115
1.36017
1.09556
1.28504
1.25882
1.17644
1.24887
1.30933
1.08713
1.48387
0.924232
1.36277
1.27923
1.38131
1.35186
1.2356
1.19303
0.954578
1.57679
0.888807
1.08236
0.99729
1.54269
1.0907
1.09413
1.12225
1.30435
1.22247
0.764854
1.17713
1.16168
1.33203
1.42956
1.42868
0.921512
0.909395
1.3131
0.952025
1.57635
1.33316
1.14949
1.79695
1.34274
1.27433
1.94197
1.64415
1.58335
1.15375
1.26059
1.35205
1.19263
0.838422
1.189
1.18136
0.976561
1.06627
1.30214
1.32901
1.28645
1.34511
1.37567
1.24862
1.4612
0.980582
1.06708
1.4947
1.70238
1.28513
1.17503
1.28314
1.23596
1.16315
0.950968
1.27586
1.32382
1.72195
1.39831
1.06197
1.58856
1.34612
1.25126
1.71773
1.42904
1.42821
1.30344
1.21382
1.25387
1.48129
1.18329
1.34937
1.79832
1.37014
1.25464
1.25041
0.921004
1.39304
0.988462
1.60627
1.32656
1.63313
1.20217
1.52156
0.8886
1.54078
1.07004
1.36098
1.56408
1.55977
0.720529
1.77366
1.41206
1.43561
1.27029
1.06236
1.81451
1.2665
1.48592
1.50962
1.42719
1.3459
1.06508
1.53606
1.81908
1.35893
1.02663
1.00126
1.68768
1.10109
1.77381
1.33785
1.31343
1.31548
1.44298
1.38985
1.24945
1.10441
1.34029
1.4877
1.33561
1.39003
1.5925
1.01669
1.65069
1.24621
1.24024
1.14831
1.23435
1.34243
0.936196
1.16621
1.18601
1.34989
1.1353
0.842989
1.14008
1.19469
1.40438
1.32142
1.20363
1.50264
1.11418
1.16843
0.916853
1.2767
1.28856
1.54155
1.3775
1.01012
1.21393
0.929369
1.41173
1.28549
0.877159
1.23694
1.19563
1.3223
1.57584
1.1623
1.18752
1.3285
1.15162
0.939148
1.42272
1.2042
1.50397
1.38656
1.12342
1.20941
1.38078
1.12613
0.959513
1.22415
1.32579
1.19828
1.32972
1.22346
1.2232
1.12592
0.870791
0.907027
1.29309
1.06187
1.42934
1.28843
1.71451
1.34737
0.996297
1.2147
1.06272
1.58763
1.1807
1.25363
1.2413
1.6156
0.922341
1.19752
1.22596
1.13088
0.977107
1.19669
1.03294
0.908922
1.32799
1.57591
1.08779
1.2134
0.823997
1.49396
1.21976
1.29274
1.10913
1.48211
1.32291
0.947979
1.12436
1.43838
1.59432
1.08059
1.37524
1.25064
1.56749
1.3217
1.34676
1.30414
1.42698
1.23563
1.45921
0.971522
1.01006
1.04067
1.02412
1.24745
1.60216
1.38977
0.794854
0.877795
1.29102
1.10348
0.978039
1.59138
1.33748
1.26749
1.03974
1.53441
1.07113
1.37683
1.5718
1.09053
1.43371
1.08356
1.07203
1.22507
1.22213
1.31299
1.32268
1.10381
1.2701
1.48185
1.11208
1.05843
0.87346
1.22659
1.21028
1.3479
1.12419
1.32554
0.689444
1.39766
1.50255
1.15876
1.21254
1.66266
1.14025
1.24957
1.54318
0.944
1.2183
1.77226
1.34141
1.38019
1.38556
1.35303
1.76692
1.27036
0.880523
1.28811
0.772872
1.4506
1.09381
1.35777
0.881957
0.768161
1.19014
1.12122
1.3373
1.00059
1.65311
1.12317
1.39895
1.02556
1.43033
1.40219
1.5544
1.32524
1.58474
1.65134
1.36626
1.25958
1.37995
1.43591
1.50959
1.31301
0.90647
0.922812
1.31242
1.46051
1.36382
1.14508
1.37413
1.46692
1.02255
1.44537
1.54671
1.26866
1.72734
1.21393
1.23963
1.17568
1.42912
1.52153
1.22854
1.30924
1.5539
1.05211
1.15157
0.883016
1.39925
1.11129
1.65738
1.464
1.36324
1.04239
1.09441
1.4828
0.861355
1.14995
1.10657
1.52702
1.44862
1.18926
0.972427
1.41435
1.35659
1.24761
1.01249
1.30959
0.970306
1.191
1.4264
1.41266
1.35794
1.97538
0.699657
1.48825
1.37476
1.3248
1.0868
1.44512
1.49095
1.7233
1.63045
1.48545
1.36061
1.2831
1.71497
1.38367
1.70732
1.31474
1.89291
1.35473
1.41674
1.34849
1.09011
1.2846
1.31491
1.34582
1.38415
0.956375
1.6408
1.53058
1.53668
1.40244
0.972156
1.47768
1.37248
1.95492
0.931718
1.13784
1.69617
1.84887
1.32261
1.22097
0.980566
1.50865
1.26439
1.58861
1.10204
0.91841
0.653995
1.18995
1.01385
1.34622
1.49241
1.18687
0.954371
1.11419
1.14907
1.10809
1.31475
1.38329
1.63701
1.09797
1.08188
1.49252
1.09789
1.21331
1.33759
1.2294
1.22388
1.61207
1.47774
1.01938
1.34756
1.19635
0.865921
1.35511
1.38308
1.40357
1.19902
1.1678
0.788862
1.11548
1.59627
1.32383
1.54505
1.00157
1.18293
1.09076
1.23459
1.37706
0.843943
1.60222
1.4778
1.22013
1.56615
1.26796
1.21497
1.47412
1.23287
1.22371
1.34216
1.26286
1.21345
1.4058
1.0413
1.18636
1.37485
1.15809
1.24966
1.12117
1.34638
1.09737
1.31676
1.53597
1.25122
1.02027
1.57801
1.48549
1.07339
1.44934
1.37476
1.38095
1.18011
1.45035
1.08445
1.37942
1.49091
1.44494
1.67456
1.46819
1.15746
1.49305
1.8394
1.22149
1.12622
1.11373
1.66991
1.44926
1.34007
1.64133
1.72585
1.48768
1.62716
0.88444
1.07346
1.33739
1.49807
1.55191
1.62017
1.53271
1.01521
1.07961
1.48693
1.59597
1.38472
1.74978
1.50722
1.56335
1.31131
1.51474
0.966784
1.17447
1.62215
1.20439
1.43434
1.30193
1.3056
1.2215
1.30768
1.48723
1.6174
1.40967
1.4858
1.26164
1.40508
0.453447
1.16822
1.1453
1.64505
1.53732
1.35501
1.53845
1.18898
1.19594
1.7604
1.15802
1.28568
1.58144
1.1311
1.4728
1.4846
1.19096
1.41369
1.96006
1.14928
1.50927
1.28271
1.37609
1.65713
1.35382
1.18115
1.44961
1.3043
1.54544
1.31844
1.41672
1.19707
0.659172
0.997821
1.39145
1.2421
1.27392
1.70918
1.15439
1.25623
1.19012
1.39954
1.31799
1.52679
1.45003
1.30503
1.9763
1.52086
1.28232
1.42122
1.24742
1.17249
1.3997
1.61862
1.578
1.59513
1.33525
1.72643
0.978092
1.29322
1.32045
1.27595
1.78864
1.57845
1.1634
1.19794
1.25344
1.55678
1.21973
0.790011
1.57214
1.45629
1.27807
1.29036
1.79726
1.09691
1.13534
1.73355
1.32459
1.69586
1.2875
1.11059
1.3727
1.19883
1.60926
1.47094
1.57496
1.57882
1.19494
1.08112
1.09486
1.24784
1.30057
1.51648
1.44901
1.45447
1.48994
0.978921
1.47792
2.13813
0.746134
1.5905
1.54436
1.3442
1.58077
1.73975
1.29709
1.53639
1.73802
1.58871
1.84076
1.76581
1.26544
1.89321
1.74391
1.03675
1.60877
1.3155
1.37223
1.24952
1.41544
1.48335
1.19752
1.35355
1.26008
0.95239
1.69231
1.67111
1.44075
1.51167
1.24767
1.76369
1.1904
1.59787
1.13538
1.28805
1.79557
1.54773
1.47765
1.16901
1.6365
1.41855
0.999897
1.27761
1.0844
1.52111
0.982824
1.26024
1.46392
1.45932
1.47849
1.29458
1.34859
1.70062
1.23009
1.32247
1.36072
1.41829
1.78114
1.65881
1.24015
1.40069
1.22496
0.981885
1.29295
1.88188
1.19601
1.27502
0.950641
1.39117
1.61452
1.02988
1.19474
1.11393
1.52304
1.14657
1.06828
1.43797
1.79812
1.5312
1.16422
1.29132
1.2378
1.16952
1.08763
1.52098
1.60208
1.46375
1.249
1.48344
1.26833
1.37301
0.953954
1.04042
1.2948
1.41178
1.61614
1.64293
1.64506
0.959812
0.916309
1.81259
1.28746
1.35732
1.4213
1.76555
1.40344
1.58232
1.44905
1.3178
0.991255
1.17421
1.29151
1.62418
1.38247
0.96324
1.4296
1.40972
1.23103
1.18554
1.0764
1.78738
1.88647
1.34495
1.43063
1.37678
1.36582
1.23331
1.19198
1.10068
1.24441
1.07523
1.10755
0.974376
1.67727
1.46197
1.53125
0.990324
1.42695
1.41874
1.06581
0.640873
1.53036
1.53142
1.44991
0.930916
1.32118
0.990878
1.28944
1.30195
1.14699
1.29483
1.47698
1.41801
1.4143
1.22943
1.72324
0.902543
1.26258
1.66242
1.29303
1.68507
1.30535
1.44703
1.32251
1.50143
0.740273
1.67098
1.51408
0.890175
1.10801
1.00409
1.75943
0.933511
1.56949
1.56615
1.60564
1.42758
1.20009
1.1119
1.58418
1.4228
1.10198
1.69019
1.1485
0.898276
1.49514
1.19965
1.4165
1.2636
1.444
1.5477
1.2997
1.54537
1.63391
1.19702
1.45837
1.43255
1.65702
1.90178
1.53151
1.24084
1.32476
1.66916
1.35506
1.36385
1.54499
1.39098
1.71802
1.14131
1.66942
1.2898
1.1587
1.10358
1.15359
1.47595
0.862398
0.931539
0.98049
1.48011
1.27064
1.23861
1.12135
0.445429
1.09691
0.870291
1.06299
1.18969
1.07153
1.20332
1.4479
1.19879
1.25035
1.15605
1.26583
1.00753
1.1368
1.3605
1.5238
1.4144
0.923822
1.32271
1.41465
1.32549
1.10757
1.22846
1.2693
1.35524
1.0792
1.26907
1.01207
1.35747
1.29339
1.13529
1.0303
0.761513
1.19925
1.17622
1.24529
1.2326
0.841848
1.16226
1.15122
1.40146
1.15304
1.37702
1.09759
1.35704
1.28668
1.33942
1.12015
1.22562
1.21369
1.13973
1.33514
1.42178
0.891156
1.44266
1.20446
0.798409
1.06811
1.02721
1.17529
1.35881
0.905334
0.958952
1.19699
0.950455
0.680351
1.07472
1.42499
1.10927
1.1114
1.02513
1.10589
1.37919
1.20694
1.07473
1.41928
1.25278
0.949123
1.3148
1.05067
1.12667
1.5127
1.39333
1.4575
1.35716
0.957104
0.968382
1.36774
1.36404
1.06853
1.43469
1.02146
1.18286
1.11083
1.45048
1.49025
1.37006
1.42404
1.32683
1.32385
1.17416
1.37079
1.27539
1.07385
1.54852
1.42867
1.56603
1.28069
1.61629
1.52748
1.52784
1.46326
1.31772
1.53106
1.62875
1.1777
1.0995
1.11887
1.44066
0.987893
1.48232
0.92592
1.42605
1.03116
1.2034
0.754243
1.38789
1.24638
1.15028
1.11271
1.41574
1.05906
0.916858
1.60618
0.964608
1.35578
1.23413
1.09326
1.10467
0.918064
1.37067
1.20744
1.22903
0.949315
1.53306
1.37351
1.29881
1.27631
1.37699
1.36674
0.564738
1.0538
1.15258
1.38547
1.28863
1.40515
0.75241
1.40912
1.1535
1.38952
1.20296
1.17936
1.07106
0.988786
1.15293
0.935949
1.13906
0.87426
0.872066
1.15308
0.846414
1.21552
1.01477
1.10231
1.2146
1.20447
0.924177
0.847876
1.05077
1.39497
1.10778
1.19515
0.98399
1.11202
1.326
0.805361
1.13335
0.746413
1.11619
1.04514
0.93144
0.941139
0.862056
1.21614
1.11487
0.986507
1.09003
1.15529
1.18223
0.933659
0.559552
1.11506
1.06333
1.09026
0.779964
1.13468
0.91864
1.33489
1.18532
1.26338
0.735748
1.43471
0.887384
0.918952
0.890556
1.05505
1.05349
1.06431
1.38325
1.07681
1.36394
1.15889
0.875858
1.02983
1.23216
1.019
1.14169
0.787664
1.31514
1.32628
0.903255
1.28412
1.1655
1.04788
1.17627
1.07511
1.11705
0.687644
1.28453
1.13588
1.00314
1.08884
0.711663
0.904794
1.23199
1.2761
0.921587
0.85967
1.3277
1.44615
1.27346
0.952052
1.12494
1.48581
0.994944
1.48975
1.33146
1.24939
1.68918
1.22492
1.04515
1.23713
1.37203
1.31613
0.974049
0.941469
1.29025
1.33799
0.961606
0.887824
1.35386
1.34739
1.37902
1.23589
1.3712
1.35251
1.09253
1.53468
1.29774
1.22863
1.423
1.09629
1.40257
1.44628
0.954317
1.17913
1.60832
1.4032
1.10907
1.36766
0.868138
1.29309
1.21126
1.3314
1.28893
1.92844
0.797183
1.45376
1.17244
1.38605
1.00687
1.41062
1.50937
1.50764
1.27509
1.80602
1.50179
1.38188
1.33991
1.2397
1.83875
1.19521
1.55889
1.38311
1.40271
1.12717
1.28094
1.52083
1.58917
1.39321
1.16072
0.796538
1.6415
1.48098
1.72994
1.43874
1.14214
1.34749
1.38892
1.54182
0.93427
1.04032
0.882292
1.14919
1.17044
1.26136
0.990791
1.30658
1.00184
1.23173
1.07051
1.18763
1.03567
0.937254
1.4912
1.47155
1.09822
1.00022
1.41623
1.04395
1.02143
1.05279
1.27446
1.3302
1.30865
1.30267
1.42455
1.46506
1.46992
1.09692
1.12174
1.29208
1.2146
1.28454
1.04341
1.34776
1.38027
1.46578
1.1816
1.19517
1.05023
1.12558
1.18486
0.848446
1.15405
0.626568
1.33884
1.43964
1.5809
1.24412
1.49462
0.875687
1.29291
1.19349
0.848689
1.53098
1.16678
1.12179
1.51678
1.1553
1.20189
0.985407
1.49622
1.01805
1.18679
1.35161
1.23521
0.970084
1.52996
1.14442
1.06071
1.39479
1.07557
1.15126
1.07225
1.56687
1.24322
1.1388
0.74201
1.33863
1.61589
1.43956
1.5224
1.20393
1.06931
0.896117
1.08682
1.09165
0.945327
1.15593
1.06107
0.90745
1.30233
1.02717
0.877228
1.12294
1.27896
1.32661
1.08593
1.15953
1.50957
1.03231
1.06201
1.25174
1.29125
0.855734
1.18602
1.15602
0.879826
1.0447
1.16411
1.07193
1.13734
1.18967
0.96185
1.22158
1.20007
0.962624
1.03372
1.21649
1.30425
1.13946
0.956372
0.94928
1.06652
1.07176
1.28674
0.957479
1.5001
1.21134
1.10477
1.33902
1.03799
0.619635
0.894048
1.22803
0.871961
1.26984
1.13244
1.00689
1.29238
0.902577
0.948362
1.08754
1.06711
1.01914
1.02876
1.31216
1.3763
1.02817
1.38158
1.10342
1.05233
1.2552
1.0166
1.21595
0.997858
1.12684
0.931306
0.912079
0.875217
1.11982
1.13855
1.25328
1.26364
1.28647
0.862482
1.06108
0.978614
1.33093
1.21359
1.12424
0.878971
1.04192
1.24613
0.740961
1.12592
1.18818
1.53022
1.09464
0.9156
1.1955
1.19757
0.858554
0.990195
1.10335
1.09632
1.47464
1.39592
0.831557
1.11488
1.0012
0.812705
1.23911
1.05771
1.0666
0.995492
1.30785
0.545307
0.847114
1.2877
1.18507
1.51059
0.805878
0.993817
0.749288
1.1164
1.25164
0.969192
1.45482
1.4268
1.28773
1.19618
1.16723
1.09199
1.23638
1.14883
1.3791
1.00754
1.45271
0.924338
1.31007
1.15486
1.26469
1.40267
1.07975
1.53968
0.947157
1.52379
1.08633
1.30181
1.20381
0.849518
1.09991
1.44911
1.3771
0.940562
1.14062
1.26121
1.08016
1.24798
1.4661
0.84244
1.30156
1.09762
1.49639
1.3583
1.2257
0.918636
1.00862
1.22962
1.56549
1.11575
1.13744
1.26621
1.2239
1.07949
1.18071
1.20475
1.31827
0.734902
1.32131
0.980266
1.19106
1.18775
0.794063
1.07159
1.1213
1.64746
1.09379
1.10921
1.16563
0.99925
1.31915
1.27607
1.01328
1.24288
0.978291
1.24346
0.965869
1.18743
1.26642
1.66288
1.25121
1.09174
0.955013
0.692663
1.27313
1.1841
1.39019
1.35957
1.43747
1.20999
1.16691
1.04729
1.14579
0.938897
1.10407
1.57607
1.22637
1.23328
1.7387
0.880787
1.12347
1.49282
1.22132
1.32871
1.10988
1.56054
1.35595
1.07405
1.35807
1.37953
1.16017
1.52507
1.44987
1.35621
1.03918
1.30537
1.29559
1.34101
1.30675
1.03067
1.19644
1.61004
1.67177
0.904671
1.20672
1.50129
1.23611
1.48013
0.541148
1.23793
1.46916
1.20274
1.03215
1.16908
1.28864
1.19389
0.737794
1.14203
0.698054
1.4441
1.41386
0.906162
1.13561
1.08848
1.17812
0.934772
0.846971
1.28512
0.556854
0.947124
1.39588
0.998297
1.49411
0.914565
1.07063
1.0025
1.18985
0.9823
1.34261
1.17653
0.909578
1.20519
1.19807
1.52586
1.088
1.44723
1.3423
1.60768
1.24212
1.03293
1.10285
1.22434
1.34115
1.1893
1.37342
1.03877
1.35772
1.48338
1.17
1.19596
1.23602
1.14608
1.3188
0.892516
1.38192
1.24452
0.994086
1.36563
1.50739
1.2548
1.48567
1.5636
1.22097
1.06147
1.40957
1.51031
1.0058
1.54527
0.86958
1.34271
1.2513
1.34291
1.34826
1.11324
1.35741
1.30041
1.50008
1.08977
1.10205
1.4383
1.38712
1.40109
1.40177
1.43181
1.25993
1.63303
1.30945
1.12143
1.29772
1.4144
1.44076
1.27323
1.67345
1.40587
1.53538
1.26124
1.51588
1.44786
1.28242
1.23918
1.07354
1.23835
1.40067
1.2904
1.37585
1.67824
1.51854
1.08464
1.52682
1.17241
1.03217
1.10924
1.31344
1.40374
1.40974
1.41963
1.36314
1.57123
1.04748
1.12376
1.17333
1.26789
1.62462
1.43491
1.42736
1.81413
1.12781
1.36877
1.45179
1.58332
1.07974
1.18866
1.55732
1.39679
1.09287
1.65332
1.29448
0.890541
1.30624
1.21483
1.45873
1.09517
1.39887
1.13193
1.33272
0.806856
1.32717
1.31707
1.88585
1.63616
1.10918
1.38291
0.932199
1.10846
1.18056
1.30447
1.24701
1.16535
0.598112
0.786337
1.20371
1.18578
0.811547
1.55276
1.14549
0.936098
0.861405
1.17535
0.995785
1.06983
1.21056
0.978428
1.1634
1.08083
1.34625
0.968534
1.03906
1.18382
1.30831
1.05373
1.25833
0.816061
1.07395
1.00938
1.00981
0.871769
1.21655
1.02235
1.01953
1.25777
0.841081
0.906983
1.4744
0.65361
1.00674
1.25998
0.899649
0.902624
1.36301
0.88239
1.30815
1.40916
1.25718
1.30858
1.1245
1.17206
1.26914
1.54339
0.881993
1.24197
1.1124
1.46231
0.602092
0.982142
1.16476
0.820661
0.737704
0.943629
0.800106
0.954424
1.28799
1.37823
1.13025
0.9077
0.936824
1.05776
1.29116
0.907499
1.007
1.26127
0.974673
1.05366
1.26605
1.2153
1.08036
1.32322
1.2064
1.38327
1.12875
1.57126
1.00288
1.01881
1.31407
1.50912
1.44938
1.04709
1.4338
1.45545
1.33648
1.22397
1.42917
1.18936
1.43396
1.0567
1.40317
1.04104
1.46688
1.31038
1.19289
1.01571
0.835304
1.18725
1.24322
1.20621
1.07953
0.964571
1.00991
1.08769
1.35914
1.097
1.35617
1.28253
1.33013
1.12729
1.39326
1.0064
1.32618
1.32251
1.11146
1.36995
1.35458
1.0023
1.48253
1.35006
0.949896
1.05934
1.00092
1.45663
1.1543
0.79816
1.00012
1.03998
0.672227
0.660963
1.15492
1.26911
1.19177
1.32143
0.971708
1.1716
1.28735
1.22217
1.18755
1.37326
1.31358
1.29427
1.25738
1.13017
1.0293
1.07289
1.12028
1.1076
0.848982
1.08577
0.9695
1.36505
1.32394
1.03923
1.02351
1.11772
1.02287
0.959063
0.633287
1.39516
0.698646
0.862382
1.38653
0.936876
1.51548
1.08729
0.891726
1.01866
1.28583
0.835948
1.21509
1.06759
0.82361
1.08139
1.25198
1.4947
1.04517
1.30066
1.32412
1.31555
1.29662
0.790865
1.11532
1.05115
1.35831
1.17856
1.09842
0.933331
1.20859
1.29297
1.15142
1.16871
1.07495
1.23754
1.27911
0.824713
1.2243
1.22827
1.13436
1.14388
1.39093
1.25366
1.33364
1.34731
1.11159
1.1356
1.09139
1.35627
0.902159
1.44948
0.972133
1.28952
1.01053
1.22121
1.36329
1.09796
1.11097
1.45661
1.1028
1.02122
1.35934
1.4332
1.00699
0.985071
1.28924
0.923397
1.0845
1.06263
1.71218
1.32559
1.46234
1.47914
1.47959
1.17214
1.11361
1.33383
1.20833
1.36821
0.771335
1.19827
1.14841
1.19302
1.25079
1.21081
1.44628
0.804573
1.38239
0.946803
1.05521
1.10584
1.1185
0.939432
1.24933
1.53714
0.9851
1.49469
1.36996
1.46139
1.06832
1.56163
1.31027
1.35855
1.44041
1.45696
1.27646
1.58
1.36327
1.61175
1.31105
0.718207
1.34187
0.843409
1.13721
1.39669
1.02438
0.748006
1.27389
1.28243
0.81641
1.09627
1.4893
1.25958
1.3196
1.28318
0.906657
1.3812
1.56472
1.48549
1.13495
1.5598
1.58088
1.14737
1.1417
1.15027
1.62756
1.41107
1.47284
1.42015
1.15408
1.4351
1.31849
1.51022
1.43458
1.49087
1.57097
1.38775
1.55171
1.39874
1.58489
1.64355
1.55208
1.25669
1.45243
1.32856
1.35215
1.49293
1.2096
1.56086
1.27621
1.32079
0.991086
1.09223
1.5265
1.19263
1.16799
1.09652
0.617054
1.56474
1.05777
1.29726
1.45139
1.17892
1.25357
1.55514
0.948323
1.25585
1.28127
0.814399
1.41182
1.27173
1.61723
1.0163
1.04999
1.04547
1.48199
1.31271
1.4492
1.29535
1.14776
1.48291
0.993314
1.07754
1.4589
1.11046
0.993234
1.27331
1.07857
1.37635
1.15425
1.61911
1.36566
1.28935
1.57893
1.17467
1.50213
1.68764
1.0097
1.09812
1.45341
1.30772
0.976357
0.967963
1.28264
0.882833
1.49831
1.39562
0.916937
1.23282
1.18958
0.974067
1.28013
1.00535
0.983979
1.30031
1.42315
0.978561
1.13217
1.32595
1.33852
1.40516
1.08135
0.863539
1.1376
1.10424
1.283
0.979591
1.7068
1.58388
1.63878
1.2
1.35971
0.905629
1.1732
1.28007
1.18825
1.22006
1.63263
0.896524
1.45096
1.33345
1.12348
1.39575
1.03617
1.6806
1.33472
1.75638
1.39719
1.39763
1.30057
0.906302
1.39792
1.52403
1.33172
1.26332
1.06433
1.48912
1.20922
1.37819
1.34147
1.16901
1.53481
0.990043
1.68889
1.36676
0.815892
1.24477
1.27372
1.53193
0.996974
1.07791
0.943197
1.03994
1.20811
1.09476
1.43955
1.17841
1.1192
1.44982
1.18588
1.57217
0.999125
1.17155
1.51565
1.19462
1.40829
1.26705
1.43447
1.25179
1.11006
0.612723
1.38389
1.30386
0.906878
0.978639
0.87847
1.61208
0.960114
1.21327
1.16356
1.49795
1.0852
1.13429
0.922598
1.42706
1.30892
1.13055
1.57023
0.989217
0.925029
1.25854
1.1196
1.4673
1.01011
1.48279
1.3176
0.929395
1.30788
1.52324
0.876079
1.35836
1.19064
1.42485
1.61673
1.17529
0.981223
0.959805
1.5723
0.995709
1.18366
1.20401
1.20862
1.48681
1.0626
1.38589
0.918693
1.01768
0.711284
1.46112
1.20622
0.86879
1.55515
1.17263
1.22671
0.754924
1.36423
0.97224
1.3165
1.31373
0.917004
1.08726
1.04853
1.38135
1.10955
1.17371
1.06235
1.40573
1.01553
1.05788
0.931966
1.09263
1.21498
1.00163
1.01772
1.06201
1.15238
1.21127
1.4207
0.787031
0.894647
1.28911
0.897875
0.863484
1.48613
1.09312
0.975877
1.53108
0.973681
1.24743
1.59428
1.14204
1.15152
1.27465
1.4305
1.39502
1.44443
0.716122
1.26799
1.06488
1.4402
0.853399
1.13809
1.01686
0.905469
1.0399
0.971813
1.08477
0.863435
1.34145
1.2799
1.38894
0.712166
0.861312
1.25657
1.39558
1.02644
1.38714
1.50795
1.23098
1.09522
1.58164
1.48037
1.36979
0.942143
1.34205
0.872538
1.39272
1.56431
0.915841
1.57609
1.28388
1.34459
1.45225
1.19462
1.54922
1.34268
1.40628
1.36219
1.26048
1.07117
1.27008
1.34188
1.11434
1.27555
1.14127
1.36527
1.48336
0.766012
1.13727
1.32934
1.20692
0.876
1.51745
1.00872
1.13731
1.35325
1.31365
1.00906
1.66626
1.4762
1.18564
1.25871
1.32497
1.66971
1.32389
1.03996
1.22496
1.37435
1.46038
0.958302
1.53382
1.28338
1.03449
1.0253
1.31954
1.23974
0.801933
1.5162
1.31861
1.27107
1.231
1.11858
1.46471
1.49861
0.970469
1.39343
1.01684
1.33884
1.41948
1.49526
0.950579
1.22328
0.967991
1.57731
1.35342
0.993581
1.38236
1.37954
1.03222
1.34461
1.18339
1.2406
1.53016
0.909976
0.938548
1.52666
1.61488
1.4355
1.33676
1.09106
1.17234
1.5229
1.20281
0.89449
0.862008
1.5005
1.64084
1.72924
1.35512
1.50285
1.26486
1.14873
1.0955
1.17622
1.12083
1.47548
1.37956
1.82635
1.52417
0.937555
1.18592
1.18404
1.59578
1.38018
1.40152
0.955829
1.63283
1.16343
1.34693
1.23943
1.30325
1.32865
1.25479
1.26393
1.31512
1.73749
1.52564
1.29789
1.30804
1.47455
1.4796
1.48268
1.60187
1.18421
0.980736
0.984214
1.18907
0.950113
0.834137
1.18696
1.15131
1.4543
1.17496
1.04445
1.34761
0.755294
0.895586
1.20017
0.877314
1.34881
0.844168
1.08763
1.05329
1.37543
0.98289
1.46922
1.01438
1.04476
0.94931
0.897115
1.1443
0.965644
1.18003
1.57452
1.64898
1.07678
1.28717
1.18398
1.1215
1.11172
1.22224
1.27795
1.22044
1.22694
1.70092
1.24132
1.25924
1.28809
1.43464
1.39587
0.987784
1.50716
1.00368
1.08852
1.19569
1.32117
1.11944
1.38863
1.47315
1.1849
1.03857
1.34594
1.46864
1.2245
1.40087
1.00531
1.52708
1.35631
1.63762
1.05689
1.21553
1.50243
1.30938
0.952546
0.957499
1.60039
1.32114
1.16488
1.44421
1.21932
1.49878
1.07093
1.3259
1.33723
1.27663
1.38329
1.24802
1.17776
1.43201
1.15949
0.842942
1.41174
1.12904
1.18791
1.21334
1.20205
1.2782
1.2517
0.735423
1.27501
1.73825
0.784126
1.31434
1.50804
1.36593
1.16786
1.68181
1.03279
1.36668
1.42301
1.52888
1.61419
1.60542
1.19654
1.60153
1.7714
0.811566
1.27983
1.02358
1.49333
0.799348
1.20831
1.35608
1.28422
1.26692
0.787033
1.03357
1.36266
1.49697
1.56062
1.55114
1.0355
1.39239
1.16306
1.35368
1.102
1.39091
1.48383
1.5931
1.29231
1.38311
1.27617
1.26034
1.18927
1.29846
1.51054
0.990284
1.11848
1.66543
1.24817
1.58829
0.920432
1.44345
1.26374
1.33604
1.20609
1.4992
1.37922
1.21034
1.33747
1.19607
1.7168
1.03241
1.68134
1.41441
1.68103
1.47892
1.36307
0.820472
1.46703
1.52308
1.0454
1.80328
1.0141
1.26344
1.67187
1.1633
1.39225
1.15624
1.32448
1.11656
1.09368
1.42005
1.5617
0.636085
1.784
1.62869
1.36357
1.77052
1.62259
1.38083
1.11167
1.75906
1.38856
1.04791
1.36481
1.25147
1.5459
1.55917
1.3522
1.41673
1.13766
0.959905
1.20671
1.42515
1.32293
1.58236
1.40393
1.33904
1.06577
1.18657
1.34599
0.907276
1.11837
0.668966
1.62422
1.1112
0.935274
1.1913
1.29681
1.42326
0.831779
1.11833
0.631586
0.984385
1.18576
1.20749
1.28223
1.37146
1.40265
0.976497
1.36684
1.17838
1.26869
1.15477
1.4605
1.23017
1.60609
1.12318
1.17792
1.14427
1.45467
1.55232
1.49552
1.47696
1.03965
1.71802
1.2675
1.24319
1.33928
0.487721
1.02977
1.30838
1.12536
1.0662
1.06381
1.40041
0.827069
1.29403
1.20455
0.997798
1.4465
1.20053
1.78474
0.987642
1.27533
1.07262
1.2715
1.52171
1.47558
1.30221
1.42456
1.33325
1.16996
1.45182
0.991294
1.18863
1.16725
1.24556
1.05615
1.41544
1.36621
1.22293
1.50591
1.00215
1.15732
1.09686
0.853032
0.765993
0.982894
1.0978
1.50548
1.65192
0.894355
1.49958
1.28702
1.21117
0.836182
1.42432
1.04323
1.60178
1.09026
1.6859
1.4932
1.31281
1.29978
1.42904
1.76987
1.21295
1.51442
0.998907
1.59489
0.844579
0.818513
1.24779
1.29622
1.09016
0.957069
1.04757
1.31575
1.33999
1.68394
1.22774
1.21501
1.45067
1.2888
1.64685
1.06013
1.22099
1.12464
1.04545
1.46985
1.21387
0.990833
1.10433
0.67473
1.33651
1.112
1.13742
1.19529
1.07187
1.10191
1.05839
1.10187
0.975842
1.37925
1.16343
0.786603
1.08629
0.759215
1.12976
1.12688
1.05858
1.14168
1.49806
0.944223
0.972402
1.36689
1.2143
0.712069
1.19614
1.27419
1.16954
1.46223
1.39641
0.993162
0.976122
1.42858
1.18937
1.43194
1.01552
1.36891
1.02682
1.3623
0.967987
1.2492
1.10124
1.24803
1.25028
1.06461
1.10487
1.14418
1.5304
1.35391
1.3992
0.791239
1.10524
1.33617
1.59487
0.986948
1.25017
1.3455
1.50408
0.796063
0.959113
1.26114
1.04033
1.41132
1.21387
1.0095
1.56977
1.29516
1.04602
1.18653
1.40077
1.43455
1.43745
1.34108
0.806557
1.34711
1.11403
1.32767
1.20084
1.71171
1.49138
1.3957
1.46009
0.999963
1.08388
0.923367
1.1475
0.944337
1.32379
1.40338
1.25475
1.60067
1.09754
0.590187
1.4635
0.877668
1.54561
1.44944
1.61524
1.50732
1.56196
1.18856
1.3936
1.43753
1.43452
1.31832
1.51463
1.26653
1.05453
1.48876
1.3848
1.34836
1.25524
1.20286
1.32186
1.64956
1.41984
0.924271
1.37825
1.46575
0.808869
1.3173
1.13637
0.902303
1.1912
0.785646
1.39915
1.38986
1.4534
1.00206
1.01746
1.24378
0.962591
1.1613
1.03712
1.24402
1.23156
1.42591
1.53472
1.18432
1.26629
1.68031
1.02751
1.10229
1.28111
0.851529
1.41858
1.3026
1.42561
1.22125
1.74025
1.37336
1.17211
1.28808
1.4624
1.61635
1.12527
0.970496
1.6323
1.42944
0.964263
1.40843
1.48184
1.12238
0.967307
1.27279
1.52503
0.937254
1.26958
1.44984
0.851737
1.24877
0.9859
1.37521
1.3705
1.68127
0.911804
1.12457
1.30886
1.30743
1.65594
1.22255
1.33266
1.62371
1.412
1.6911
1.29589
1.35486
1.65492
1.14112
1.07778
0.982063
1.33141
1.14558
1.63559
1.48943
1.65922
1.15093
1.3863
1.0486
1.7091
1.25071
1.28919
1.09113
1.39699
1.56964
1.37224
1.34844
1.1445
1.37775
1.33297
1.60797
1.47965
0.621691
1.38095
1.49989
0.996342
1.0027
1.50368
1.3169
1.34399
1.41852
1.54265
1.41563
1.10845
1.02341
1.01488
1.57493
1.40345
1.28948
1.27226
1.33213
1.37235
1.08274
0.686804
1.53468
0.993689
1.10845
0.956295
0.991236
1.43752
1.182
1.09231
1.35034
1.18624
0.751515
1.11159
1.15895
1.51417
1.49124
1.1428
1.06865
1.345
1.30312
1.35057
1.21007
1.7479
1.35824
1.50528
1.33949
1.1951
0.98445
1.10048
1.2322
1.31254
1.20179
1.51834
1.22705
1.61956
1.30203
1.02853
1.41804
0.587289
1.64699
1.17772
1.54385
1.34937
1.44277
1.29863
1.28252
1.32122
1.47905
1.47904
1.3023
1.06782
1.29845
1.37792
1.39919
1.494
0.976303
1.04745
1.34433
1.32441
1.53908
1.01501
1.31495
0.915107
0.936373
1.23518
0.694575
1.50464
1.42794
1.06589
0.822317
1.14848
1.05141
1.20457
1.16075
0.763556
1.06073
1.29746
1.52633
1.43972
1.31677
1.35069
1.37637
1.21043
0.633399
1.27837
0.794314
1.39857
1.31995
1.1054
1.19796
1.45005
1.25132
1.13022
1.16345
1.44544
1.34897
1.40838
0.969553
1.5696
1.42348
1.26029
1.08719
1.4134
1.32276
1.17614
1.35113
1.40091
1.12455
0.921534
1.37741
0.946189
1.52166
0.925416
1.24681
1.00079
1.5747
1.16677
1.08965
1.10289
1.54889
0.709442
1.18893
0.677975
1.51123
0.891842
0.872013
1.02396
1.70727
1.41503
0.890161
1.22151
1.22448
1.28925
1.11428
1.46887
1.61039
1.29011
1.61935
1.08909
1.3983
1.33719
1.21029
1.11241
1.57649
1.21002
1.77275
1.63945
1.41837
1.23712
1.19728
1.79704
1.01898
1.59386
1.13556
1.80105
1.14699
1.46076
1.44803
1.00772
0.899321
1.19086
1.44543
1.32753
1.09978
1.38517
1.3977
1.38863
1.48525
0.617347
1.08227
1.53038
1.72216
1.39469
1.34604
1.02409
1.11904
1.03701
1.26236
1.03461
0.893659
0.944455
1.19919
0.888428
1.18973
1.0023
0.624956
1.09619
1.018
1.28531
0.874028
1.33382
1.28364
1.54994
1.07707
1.004
1.17546
1.24063
1.09731
1.09635
1.17999
1.13291
1.31107
1.20974
1.06297
0.979371
1.26521
1.04591
1.33192
0.950454
1.37592
0.993534
1.17167
1.18778
1.20653
1.0983
1.33106
1.36569
1.01048
1.09574
1.32308
1.48965
1.04245
1.44506
0.728976
1.32929
1.05627
1.46477
1.30766
1.08229
1.29759
0.726153
1.57057
1.32983
1.31509
1.06777
1.47311
1.16925
1.06711
1.00294
1.15798
1.19971
1.44036
1.49365
1.32865
1.376
1.72423
1.82425
1.2565
1.3707
1.28054
1.01478
1.68771
1.38954
1.30685
1.32349
1.5757
1.51555
1.45566
1.49329
1.35487
1.75816
1.23408
1.0305
1.7252
1.30577
0.92367
1.53933
1.50591
1.20428
1.22473
1.54688
1.50915
1.13116
1.486
1.54234
0.7044
1.45492
1.15146
1.81053
1.22997
1.73173
1.3215
1.21329
0.907516
0.836793
1.54425
0.941183
0.973013
1.16386
1.59191
1.18914
0.699631
1.12528
1.16923
1.2231
0.782785
1.41297
1.39201
1.51451
1.7773
0.824297
1.4792
1.38709
0.936504
1.12587
1.55893
0.919836
1.83106
1.60693
1.45037
1.42717
1.20154
1.71397
1.33792
1.65893
1.19674
1.88539
0.993731
1.5142
1.20549
0.827665
0.926563
0.872345
1.2799
1.34615
1.00304
1.29762
1.45047
1.37468
1.3621
0.802198
1.39678
1.30964
1.88294
1.20565
1.21268
1.33554
1.36242
1.11114
0.791968
1.12588
1.29016
1.17238
0.937034
0.963054
1.01311
1.20319
1.25292
1.39232
1.3777
1.55756
1.66981
0.99097
1.18334
1.08345
0.539397
1.39759
1.33514
1.11355
1.48267
1.37869
1.52142
1.30453
1.24374
1.47588
1.42849
1.4433
1.0359
1.80274
1.33645
1.08663
1.23298
1.23517
1.18587
1.08291
1.37347
1.48789
0.828295
1.20455
1.29163
0.997513
1.34239
0.947853
1.4682
1.12138
1.74603
0.982103
0.911447
1.58985
1.03089
0.995625
1.14972
1.59582
1.47554
0.75336
1.36458
0.963346
1.17405
1.04982
1.38505
1.33657
1.27235
1.48669
1.02624
1.5077
1.39064
1.36927
1.06594
1.65303
1.23977
1.72971
1.52079
1.3282
1.22538
1.46914
1.72225
1.42014
1.50249
1.01463
1.70507
1.06928
1.39169
1.45852
0.71096
0.741915
1.19702
1.27062
1.10123
1.14686
1.42835
1.14539
1.41616
1.32752
0.809408
1.24247
1.55973
1.73918
1.23173
1.52271
1.31754
1.55675
1.47077
1.26691
1.4755
1.31174
1.30051
1.51922
1.02089
1.21237
0.860245
1.36468
1.41085
1.72686
1.36923
1.47134
1.14286
1.35619
1.08759
1.04439
1.58992
1.03673
1.43496
1.93573
1.34388
1.14865
1.00002
1.31271
1.28093
1.18251
1.11085
1.13143
1.23001
1.42976
1.62899
1.21667
1.51592
1.43466
1.23458
1.15395
1.51762
1.70216
1.43637
1.2242
1.30576
1.38334
1.74876
1.25599
1.40707
1.27646
0.973309
1.30656
1.34504
1.36088
0.701967
1.06382
1.04154
1.29659
1.07604
1.13613
1.38085
1.37733
1.29251
1.20675
1.13755
1.30787
1.08833
1.09989
1.48461
0.659219
1.50725
1.28967
1.33177
1.28245
1.14419
1.43625
1.04559
1.5798
0.958916
1.44253
0.875274
1.5336
1.03168
0.958277
0.989528
1.1602
1.30702
0.986323
1.20741
1.00087
1.3371
1.29537
1.49211
0.773726
1.11915
1.18909
1.40976
1.49989
1.31847
1.15959
1.369
1.42667
0.91203
1.02381
0.721186
1.25536
1.4316
1.46817
1.50279
1.46358
1.40017
1.19601
1.06013
1.27108
1.04277
1.36586
1.47188
1.23697
1.51414
1.45211
1.23915
0.989959
1.31733
1.75623
1.34485
1.37327
0.967162
1.84711
1.32942
1.11367
1.44622
1.15978
1.01507
1.28819
1.53088
1.41638
1.15396
1.22974
1.19652
0.938827
1.5611
0.663752
1.34177
1.26883
1.83717
1.18427
1.30911
1.32245
1.24626
1.2187
1.0611
1.30349
1.20124
1.46999
1.48517
1.35816
0.795767
1.67993
0.750586
1.18948
1.06936
1.19339
1.25614
1.50784
1.37139
1.47956
1.44944
1.30315
1.33209
1.40957
1.39892
1.16283
1.6083
0.883522
1.5318
1.51169
1.20657
1.27652
1.12133
1.33461
1.28217
1.17896
1.17669
0.5949
1.47749
1.12325
1.37268
1.32194
0.841792
0.978609
1.21279
1.31942
0.972152
0.951767
1.35118
1.3444
0.845633
1.11167
1.06452
1.61497
1.0009
1.01568
1.24219
1.47584
1.17774
0.971305
1.30419
1.45095
1.30541
1.25399
1.38016
0.876155
1.1712
1.22312
1.25466
1.43696
0.994444
1.5668
1.44026
0.954657
1.14402
1.3774
1.24961
1.09522
1.34935
1.48735
1.53712
1.20658
0.903516
1.21882
1.38075
1.36322
1.25466
1.43344
1.22949
1.50157
0.963815
1.35895
1.14908
1.23334
1.05711
1.08167
1.59812
1.48913
1.35134
1.3416
1.32243
1.26713
1.80773
1.14095
1.35622
1.32712
1.08713
1.53671
1.31932
1.22618
1.35391
1.78877
1.16721
1.49021
1.25199
1.18232
1.56769
1.21874
1.1282
1.44367
1.29248
1.30233
1.43936
1.35222
1.15704
0.809605
1.03792
1.35679
1.08722
1.42893
1.59818
0.947278
1.12065
1.17986
1.51013
1.211
1.43128
1.45758
1.08045
1.17661
0.940047
1.23528
0.864684
1.15557
1.13351
1.38334
1.49521
0.932094
1.36152
1.24896
0.964453
1.18492
1.48805
0.763628
1.50298
1.42664
1.28982
1.31221
1.31735
1.37629
1.42179
1.3131
0.763902
1.51734
0.707389
1.20984
1.22841
0.813636
0.575815
0.814812
1.17545
1.02149
0.975146
1.18881
1.23223
1.03365
1.21859
0.717966
1.34357
1.25354
1.51733
1.25389
1.28854
1.11023
0.928386
1.37277
0.996937
1.34098
1.12986
1.40173
1.05559
0.730757
1.04744
1.08128
1.09044
0.927863
1.20248
1.11845
1.17031
1.01133
0.962337
0.82796
1.21521
1.01145
1.3793
1.09026
1.39153
1.33884
1.27293
1.02223
1.11176
1.31471
1.28953
1.06359
1.10436
1.03349
1.16108
1.29357
1.0974
1.26528
0.949454
1.21434
0.783838
1.47682
1.12874
0.772002
1.00813
1.36259
1.26402
1.20004
1.44493
1.15468
1.17476
1.10644
1.25446
1.2042
1.20287
1.46224
1.23498
1.39277
1.07727
1.28823
0.992033
1.47918
1.56621
1.55106
1.40864
0.909726
1.64585
1.29697
1.17077
1.26643
0.946103
1.09014
1.41186
1.32377
1.1316
1.1967
1.17711
0.888477
1.18701
1.41076
0.974304
1.39727
1.24494
1.76112
0.965212
1.40602
1.07485
0.855872
1.16259
1.17845
1.38515
1.05778
1.19506
1.00854
1.24828
0.61458
0.882951
1.51537
1.1406
1.05205
1.5467
0.881918
1.00188
1.22957
1.25012
1.3089
1.17048
1.32439
1.27182
1.22225
1.16051
1.09762
1.16881
1.43654
1.01414
1.06764
1.01789
1.30136
1.20044
1.44471
0.949811
1.17615
1.21339
1.45268
1.5773
0.783885
1.08475
1.21562
1.1762
1.55248
1.74832
1.04143
1.64748
1.48042
1.09275
0.823503
1.46784
1.07897
1.70025
1.63071
1.80514
1.50091
1.16375
1.51706
1.48829
1.59468
1.30366
1.596
0.731648
1.65876
1.13915
1.07777
0.86749
0.925905
1.16374
1.25695
1.17533
1.25322
1.64131
1.62166
1.15571
1.16559
1.39222
1.68125
1.75996
1.27987
1.42589
1.3657
1.32955
1.4695
1.31848
1.34518
0.967436
1.44869
1.02853
0.847879
1.42629
1.0475
0.964444
1.48419
1.1707
1.07175
0.827689
1.20344
1.262
1.17802
1.05555
1.1295
1.25601
1.3278
1.17352
1.215
1.54356
1.1237
0.859759
1.19809
1.49224
1.36661
1.33575
1.04743
1.29503
1.45168
1.33774
1.26133
1.41103
1.11456
1.25251
1.54131
0.99592
1.32279
1.63672
1.30263
1.12207
1.6212
1.18596
1.24343
1.63724
1.50377
1.4681
1.58956
1.26504
1.87836
1.47683
0.905978
1.20228
1.05624
1.498
0.967359
1.29475
1.1542
1.03218
1.01673
0.989398
1.22797
1.16032
1.49557
1.47647
1.29372
1.22653
1.39207
1.47185
1.50805
0.997395
1.5868
1.31332
1.18254
1.03938
1.20694
1.45814
1.11997
1.33834
1.51875
1.11459
1.48853
1.14853
1.12937
1.30447
1.17461
1.19731
1.36711
0.960388
0.976164
1.51988
1.3766
1.31439
1.27484
1.32022
1.36683
0.897227
0.966342
1.0775
1.35503
1.20188
1.42398
1.15467
1.12132
0.70579
1.43083
0.963349
1.25236
1.23958
1.85187
0.955851
1.49235
1.51412
1.35688
1.4361
1.5821
1.23434
1.34964
1.38029
0.921026
1.42011
1.5838
1.55651
1.37216
1.33894
1.30958
1.72598
1.67953
1.49156
1.47721
1.43906
1.67506
1.2546
1.35952
1.72815
0.965563
1.16179
1.4828
1.44401
1.52116
1.11335
1.68811
1.53481
1.60044
1.72234
1.39959
1.27328
1.11757
1.0951
1.55882
1.07462
1.57762
1.46359
1.40436
1.49728
1.43068
1.36945
1.43514
1.67223
0.886923
1.59431
1.08851
1.30376
1.01483
0.885486
1.15383
1.02309
1.11941
1.02636
0.599232
1.44692
1.31787
1.42301
1.28901
0.812956
1.33395
1.11947
1.56336
0.80852
1.06186
1.28895
1.14715
1.24355
1.186
1.30497
0.95516
1.34098
1.05265
0.848072
1.07323
1.36261
1.22311
1.3402
1.04451
1.26631
1.54755
1.40325
1.0907
1.40847
1.40542
1.38206
1.16541
1.23557
1.31748
0.83811
1.26938
1.13369
1.4452
1.08591
0.966544
1.11717
1.3864
1.26335
1.21472
1.16788
1.32809
0.900697
1.58778
1.219
0.867043
1.5284
1.13068
1.18993
1.00449
1.07197
1.25809
1.13473
1.40439
1.61122
0.889673
1.53619
1.21666
1.36036
1.57035
1.17313
1.26987
0.78847
1.5563
0.922211
1.18912
0.919684
1.27226
1.29638
1.31653
1.2379
1.19438
0.629659
1.29036
1.30625
1.02437
1.45296
1.50366
1.58228
1.30462
1.08937
1.42397
1.41786
1.38817
1.11295
1.65217
1.31398
1.32156
1.11826
1.29155
1.122
0.817032
1.15845
1.51284
0.937922
0.894234
1.35351
1.12055
1.16383
1.08522
1.25321
1.31721
1.6304
1.08258
0.999875
1.18761
1.31645
1.34207
1.34247
1.59937
1.06412
0.932468
1.38909
1.14383
1.5134
1.21594
1.25587
1.03426
1.59531
0.966494
1.08542
1.07549
1.28828
1.01072
0.990084
1.1871
1.11662
1.43381
1.65269
1.13755
1.10121
0.951426
1.59168
1.53165
1.09403
1.33779
1.76481
0.918762
1.26217
1.56712
0.882033
0.739658
1.0957
1.21697
1.00645
1.44713
1.28754
1.58976
1.21062
1.55824
1.54359
1.38569
1.58903
1.16257
1.43873
1.30189
1.43835
1.47562
1.22596
0.916213
1.48346
1.40976
1.55131
1.50527
1.37665
0.975444
1.70708
1.55705
1.37841
1.64458
1.41955
1.50392
1.48465
1.8106
1.04716
1.59129
0.930071
1.74838
0.822369
1.00655
1.18468
0.89596
1.24967
1.11215
1.24273
1.00309
1.51268
1.44198
1.58616
0.977299
1.36505
1.07275
1.5663
1.48286
1.41393
1.4136
1.43766
0.981132
1.25224
0.893699
1.53987
0.892877
1.08853
0.789089
1.53366
1.12895
1.4784
1.7017
1.38591
1.56945
1.20455
1.21372
1.38594
1.32244
1.47224
1.11234
1.19084
1.4254
1.31632
1.54445
1.13995
1.38067
1.35349
1.60982
1.31952
1.49013
1.18818
1.31573
1.71061
1.31933
1.48281
1.69886
1.40244
1.37446
1.12844
1.66154
1.88757
1.3083
1.1246
1.23762
1.56319
0.882601
1.6095
1.33725
1.50532
1.50657
1.23087
1.45777
1.3279
1.1181
1.23617
1.51317
1.56895
1.55101
1.46792
1.16236
1.56083
1.60348
1.50805
1.51917
1.16961
1.41124
1.41925
1.20871
1.19381
1.48068
1.45657
1.29695
1.13667
1.5557
1.15689
1.44847
1.00202
1.60776
1.57318
1.44679
0.962794
1.48321
1.24091
0.925839
1.18203
1.38042
1.51221
1.15365
1.5135
1.3538
1.11005
1.49885
1.21008
1.32685
1.35958
1.15735
1.17601
1.08545
1.16323
1.14711
1.09196
1.55502
1.61298
1.21104
1.32003
1.38881
0.902946
1.30355
1.43963
1.40954
1.33015
1.54779
1.26931
1.41406
1.22794
1.2902
1.15849
1.42188
1.31285
1.10748
1.63249
1.34767
1.15278
1.22387
1.11803
1.50314
1.583
1.45032
1.05708
1.48565
1.31385
1.10977
0.746148
1.44602
1.26783
1.34885
1.46268
1.4852
1.50613
0.998683
0.990519
1.11664
1.5346
1.39097
1.36794
0.996514
1.51375
1.44202
1.34787
0.781822
1.44123
1.07749
1.72082
1.3982
1.51626
1.52907
1.61402
1.40671
1.33428
1.48944
1.66574
1.441
1.30987
1.2298
1.48081
1.49085
1.59917
1.50385
1.13146
0.98081
1.43762
1.36633
1.63529
1.0491
1.21483
1.32125
1.51694
0.927738
1.873
1.67983
1.01264
1.39686
1.31686
1.53108
1.45005
1.47787
1.48678
0.790584
1.01395
1.42071
1.52163
1.82149
1.55165
1.49114
1.49658
1.15648
1.03778
0.941914
1.16697
1.0714
0.904851
1.07443
1.13015
0.802269
0.819665
1.19515
1.05351
0.96213
1.25499
0.677721
1.09634
1.16212
1.10206
1.05115
1.22971
1.42249
1.56587
1.36532
1.6194
1.45204
1.56954
1.06019
0.932192
1.46616
1.38667
1.56544
1.55609
1.22145
1.53669
1.17634
1.66382
0.702832
1.62728
1.53474
1.56495
1.18007
1.17823
0.748667
0.996353
1.36358
1.00897
1.29222
1.30885
1.73443
1.42693
1.45387
0.933773
1.45693
1.55616
1.59904
1.48089
1.59205
1.81303
1.4877
1.18356
1.53626
1.48312
1.42819
0.968526
1.72137
1.18085
0.790385
1.19698
1.18452
1.60268
1.51819
1.5185
1.16058
1.16751
1.15065
1.45659
1.17337
1.05169
1.02773
1.20819
0.895935
1.50835
1.69118
1.48729
1.18114
1.17062
1.11741
1.49893
1.17474
1.29871
1.12307
1.24
0.998732
0.886005
1.02523
1.38087
0.946656
1.47859
1.23039
0.996772
1.33053
1.08555
1.61439
1.16901
1.21465
0.866561
1.22117
1.18112
1.16746
1.21892
1.40704
1.04263
1.1271
0.833971
1.27059
1.64508
1.59422
1.29727
1.48862
1.05104
1.37761
1.14105
1.03654
1.60791
1.21735
1.21738
1.03472
1.32506
1.45834
1.64633
1.29196
1.39351
0.984626
1.08614
1.10069
1.12827
1.40315
0.679159
1.33061
1.08967
1.28379
1.24785
1.11295
1.11002
1.11964
1.36055
1.18867
1.46642
1.27973
1.03728
1.17523
1.16259
1.04634
1.30305
1.34037
1.44845
1.08177
1.23192
1.04167
0.905629
1.20336
1.16947
1.28869
0.827245
0.698892
1.45556
1.39199
1.39505
1.22113
1.00391
1.4584
1.58938
1.33967
1.49163
1.36211
1.17843
1.30806
1.29649
1.29848
1.46671
1.1128
1.22029
1.30734
1.07527
1.55918
1.31792
1.57077
1.42361
1.25336
1.46126
1.31232
1.61873
1.37052
1.14403
1.06902
1.07738
1.17942
1.49102
1.16156
1.22259
1.59727
1.15575
1.3466
1.3471
1.5692
1.38958
1.01406
1.73838
1.38018
1.1472
