13.3691
13.3098
13.0281
12.8235
12.9806
12.7053
13.584
13.1985
13.1417
12.5262
13.1112
13.0032
12.8716
12.7332
12.4907
12.9385
12.6014
13.0714
13.0654
12.6141
12.9813
13.1753
13.27
13.2512
12.9721
13.2442
13.3396
12.8688
12.8325
13.3093
13.3762
13.2558
13.1848
12.7856
12.8594
13.107
12.8082
13.2818
12.9113
13.5686
12.8882
12.9606
12.7642
13.4048
12.6512
13.3897
12.9426
12.9971
13.0958
12.9836
13.1411
13.6848
13.011
13.0035
12.6566
12.9803
12.8191
13.3351
12.8057
13.0666
12.7661
13.0794
13.0274
12.477
12.7459
12.6882
13.4554
12.7317
13.3156
13.1173
12.8978
13.1344
13.1679
13.2328
13.0599
13.1766
13.0175
12.8086
13.0746
13.1101
12.9543
13.2539
13.4493
13.0184
12.6524
12.9448
12.7427
12.7259
12.9631
13.1445
13.0089
12.7229
13.1703
13.0744
12.913
12.9153
13.3712
12.9038
12.9811
12.8732
12.4125
13.0651
12.8104
13.2266
13.1884
12.8555
13.1867
12.7619
12.536
12.7948
12.6639
12.4186
12.6272
12.8133
12.5945
12.8284
13.0985
12.9497
12.9811
12.9074
12.6721
12.7743
12.7205
13.1223
12.9067
12.9263
12.8997
12.8641
12.8812
13.23
12.6989
12.985
12.8075
12.5183
13.0247
12.8172
12.7316
13.0697
13.0595
13.0109
12.5494
13.0433
12.7799
12.8959
12.7784
12.8525
12.9717
12.6543
12.8762
13.0705
13.011
12.4978
12.8237
12.898
12.7396
12.8233
13.1202
13.007
12.905
12.9124
12.6783
13.0523
12.1454
12.8608
12.6976
12.7808
12.8004
12.6028
12.8569
13.3942
12.7232
12.8868
12.8606
12.9688
12.7183
12.941
12.5169
12.8238
13.3369
12.934
12.9868
12.7769
12.6507
12.6882
12.6432
12.8204
12.8287
13.0433
12.7568
12.8784
12.6468
12.9335
12.5784
12.8832
13.6032
12.7417
13.3319
12.8097
13.0496
12.8955
12.7401
12.6895
12.7154
13.0273
12.8837
13.2146
13.004
13.0191
12.4834
12.7667
12.8992
13.0315
13.1422
12.8152
13.0211
13.2347
12.4393
12.906
12.4979
12.8091
12.7622
12.9726
12.6574
12.9601
12.8997
13.2045
13.2871
12.7747
13.1718
12.7491
12.9293
13.1293
12.881
12.6926
12.9496
12.9053
12.4101
12.8495
12.8793
12.9493
12.5796
13.199
13.0494
13.0228
12.973
13.2406
12.9137
12.6966
12.7177
12.5887
13.3083
12.6374
13.0328
12.9304
12.9
12.9564
12.5462
12.9239
13.0855
12.9075
13.092
13.2416
12.739
13.0376
12.9454
12.7722
13.1207
13.0605
13.0661
12.8643
13.0135
12.9106
12.8931
13.1351
13.4891
12.9396
12.9909
13.0706
12.6514
12.4154
13.1313
12.8443
12.9107
12.8751
12.7841
13.1312
12.6557
13.0014
13.1429
12.943
12.5051
13.0007
12.8626
13.269
13.0839
12.9984
13.0195
12.6511
12.8316
12.8764
12.6546
12.3008
12.5811
12.395
12.5839
12.6479
12.5749
12.8914
12.6364
13.1227
13.1525
13.1209
12.8479
12.6549
12.7167
12.6299
12.6261
12.652
12.4873
12.7772
12.6782
13.3438
12.6524
12.9571
13.0738
12.3519
12.4099
12.7345
12.9064
12.7969
12.9854
12.4792
12.9251
12.7879
12.9692
12.8648
12.3793
12.8374
12.7623
12.7892
12.7325
13.1359
13.0775
12.6814
12.7562
12.6842
12.9117
13.0237
12.8151
13.0321
12.7496
12.3503
12.8488
12.5981
12.781
12.3611
12.6229
12.9403
12.8701
12.9036
12.7775
12.6374
13.0802
12.8872
12.8905
12.6054
12.3615
12.5142
12.988
12.7429
12.4936
12.7263
12.8425
12.6706
12.8432
12.7851
12.5826
12.7076
12.9562
13.1611
12.9284
12.6598
12.5523
12.5401
12.407
12.9761
13.0392
12.7062
12.891
13.0987
13.0221
13.0221
13.1565
12.8309
13.2643
12.5737
12.6508
13.1332
13.0198
12.5721
12.8318
13.0483
13.1105
12.5504
12.9063
12.5345
13.024
13.163
12.5918
12.8942
12.587
12.9911
12.9849
12.6134
12.5738
13.1765
13.1323
12.6667
12.4981
13.1082
12.676
12.6576
12.7425
13.0723
12.9096
12.9672
13.0074
12.8968
13.1975
12.7829
12.8577
13.1617
12.8547
12.8913
13.3204
12.9066
13.1566
13.7243
12.917
12.9338
12.5238
13.2662
13.0963
13.2471
12.7592
12.9258
12.8023
12.6413
12.5581
12.5077
13.0347
13.3306
13.3187
12.7351
13.1613
12.8214
12.4097
13.0159
12.9001
12.7634
13.1012
12.9865
12.765
12.758
12.888
12.9172
12.7778
12.8559
12.6676
12.6738
12.657
12.8396
13.0217
12.7594
12.6705
12.942
12.5233
12.8507
12.733
13.0583
12.9367
12.9086
12.8608
12.7136
13.0743
13.0181
13.077
12.9756
12.9297
12.8459
12.9029
13.0137
12.9043
13.0056
12.9449
12.6204
13.2005
13.459
13.1345
12.8869
13.0774
12.6666
12.9913
12.9973
12.9609
12.8231
12.9718
13.3439
13.0265
13.0017
13.1179
12.9324
12.9803
13.055
12.5986
12.9615
13.1058
12.6776
12.9023
13.1148
13.1484
12.5538
13.2369
12.9837
12.9316
13.1199
13.3351
12.933
13.264
12.922
13.0594
13.0548
12.7316
12.9255
13.0006
12.9391
12.6566
12.9534
12.9225
12.9885
12.7887
13.3473
13.0762
13.0606
12.9292
13.1429
12.5873
12.5751
12.9954
12.8433
13.0949
13.062
12.9911
13.1222
13.2956
12.916
12.8277
12.6997
12.8775
13.1131
13.0576
12.6479
12.8401
13.1262
12.8831
12.8261
12.7577
12.9801
13.2564
12.9377
12.6842
12.7998
12.6598
12.9904
12.6912
13.3141
13.1586
13.4107
12.9126
12.7166
12.8971
13.2028
12.6675
13.0275
12.7554
13.089
12.9077
12.5931
13.3663
12.7397
12.8192
12.9332
12.9134
13.1496
12.3258
13.3116
13.203
12.981
12.9356
13.2042
12.6465
12.8731
13.0732
13.0037
12.8382
12.9121
13.1845
12.7538
12.772
12.9041
12.5512
13.0449
13.2557
12.9301
12.7248
13.2188
12.7569
12.8097
12.6529
12.8473
12.9309
13.0601
12.8231
13.2867
13.1258
12.8247
13.1104
13.1449
12.9171
13.0017
12.8019
12.7979
13.0423
12.8226
12.6253
13.003
13.1294
12.7671
12.9553
13.3471
12.9637
12.9645
12.9964
12.7147
12.8728
12.8891
12.5112
12.7553
12.8479
12.544
13.2092
13.0027
13.0864
12.9792
12.9001
12.9328
13.3496
12.6739
12.8524
13.2415
12.713
13.0939
12.7317
13.1042
12.7666
12.9113
12.905
12.6521
13.4836
13.0875
13.1235
13.1585
12.8135
13.4471
13.1801
13.0594
12.8615
13.3906
12.8779
13.1375
12.9221
13.027
13.3328
13.4154
13.1241
13.2976
13.0232
13.3185
13.1216
13.0309
12.9085
13.4123
12.8309
12.7384
13.263
13.568
13.2927
12.9076
13.1871
12.5824
13.4131
13.4475
13.1487
13.064
13.262
13.1058
13.0855
12.928
12.9815
12.9266
13.091
13.3589
12.9069
13.3516
13.1042
13.2974
13.316
12.8572
13.0198
13.0277
13.203
12.9098
13.3113
13.1748
12.8217
12.7865
13.0907
13.287
13.1861
13.0311
13.1616
13.4584
12.8274
12.9867
13.2516
12.8574
13.3463
12.859
13.0011
13.5301
12.7897
13.0935
13.2018
12.9127
13.0228
13.0672
13.2961
13.1807
12.5207
13.2519
13.4921
13.276
13.2161
13.1191
12.8132
12.5455
12.8367
13.1998
13.5082
13.0352
13.3509
12.9587
13.3476
13.1265
12.8383
12.6077
12.6953
12.5968
13.2591
12.3629
12.7812
13.1043
13.3434
12.8825
12.932
13.0639
12.806
12.6115
12.7463
12.9162
12.5049
13.0671
12.7538
12.8472
13.0102
12.668
12.9389
12.9559
12.8258
13.269
12.7135
13.1061
12.7046
12.7169
13.1898
13.1439
12.9436
12.9981
12.6687
13.5053
12.8274
12.8841
13.1124
12.9609
13.4426
12.8968
12.9919
12.8435
12.9941
12.9607
12.5229
13.1818
12.7247
13.4128
12.3432
12.6011
12.625
13.0399
12.7747
12.9756
12.9155
12.701
13.2016
12.9267
13.1147
12.932
12.6279
13.2107
12.7958
12.9544
12.5761
12.5113
12.7363
12.8683
12.7318
13.275
12.9166
13.1878
12.6815
12.7141
12.7159
12.9361
12.7338
12.792
12.7604
13.0227
12.9343
13.0076
13.0246
12.7165
12.8492
13.0826
12.6199
13.0716
13.2567
12.4507
12.9673
12.7392
13.0464
12.7937
13.2617
12.4685
13.0887
13.1125
13.0147
12.6452
13.122
12.9377
12.7641
12.6903
13.0604
12.7497
12.825
12.6149
13.0278
12.8862
13.0973
12.8186
12.5739
12.6535
12.6632
12.9662
13.3843
12.7257
12.7401
12.6794
13.1795
13.0469
13.0107
12.8587
13.0194
12.6255
13.2541
12.9039
13.1948
13.1066
12.8641
12.7531
13.1697
13.146
12.8115
13.1259
13.1626
13.0749
13.0838
13.0305
12.8708
13.039
12.9958
13.1436
12.7468
12.4688
13.2108
12.557
12.8182
12.6758
12.6797
12.9325
13.1889
12.9025
12.9194
12.5051
12.6397
12.8008
13.2758
12.9601
12.7572
12.8619
13.0326
12.7139
12.7993
12.6189
12.5587
12.9478
12.6855
12.5908
12.8394
12.8772
12.8013
12.8801
13.1291
12.8559
12.9876
13.0959
12.8971
12.9192
12.8347
12.5599
12.7739
12.2935
12.7455
12.9555
13.0324
12.8071
12.5802
13.0464
13.0483
12.8312
13.0389
12.6397
12.9392
13.2279
12.1513
12.9304
12.8819
12.691
12.7051
12.8308
12.9042
12.523
13.1984
13.0549
12.7264
12.8665
13.2486
12.6201
12.5863
12.9761
12.9248
12.6384
12.7762
12.8286
13.0244
13.1354
13.2685
12.8232
12.9082
12.7417
12.8683
12.7842
13.1394
13.1028
12.6781
13.1118
12.8778
12.6513
12.6109
12.9114
12.7467
12.2403
12.3063
12.9459
12.6214
12.7456
12.8038
12.5933
12.4399
12.7559
13.165
12.7564
12.7814
12.4065
12.6009
12.8204
12.4633
12.9937
12.8133
12.7285
12.7339
12.8139
12.7408
12.7838
12.8527
12.9458
12.9377
12.744
12.4452
12.4924
12.8579
12.7911
13.0473
12.988
12.6844
13.3784
13.1425
12.7808
12.9287
12.7005
13.2704
12.9472
12.7497
13.1713
12.827
13.0535
12.9479
12.7564
12.9608
13.1577
12.7668
13.0358
12.6801
12.5759
12.8351
12.9992
12.9328
12.8303
13.0577
12.8247
12.8354
13.0731
12.8949
12.8838
12.8372
13.2204
12.7071
12.6893
12.8703
12.9375
12.7691
12.7812
12.8249
13.153
12.7605
12.9369
13.007
12.8193
12.4578
12.3957
13.1882
12.9332
12.9907
13.0163
12.857
12.9937
12.7705
12.8101
12.6671
12.3687
12.539
13.4471
12.8527
13.0977
12.8251
13.0649
13.0347
13.1594
12.9113
12.7885
12.435
12.7803
12.7923
12.3244
13.0589
12.9553
13.017
12.6375
12.6768
12.6569
12.9994
12.4054
12.9503
13.0712
13.0365
12.8877
12.91
13.258
12.7416
12.7817
12.7834
13.3504
13.1342
13.1121
12.6605
12.3704
12.8432
13.1965
13.0288
12.5979
13.0433
13.0646
12.677
12.5779
12.6218
13.2206
13.0755
12.8305
13.3171
12.3711
12.6231
12.6019
12.9351
12.8683
12.8904
13.1122
12.2763
12.6678
12.9848
12.888
12.8545
13.165
12.9384
12.8952
12.7546
12.6227
12.909
12.6549
12.7643
12.7389
13.0414
12.9077
12.8467
13.0984
13.4104
13.0108
12.8844
12.7867
12.502
13.103
12.6043
12.606
12.6018
12.7456
13.1627
12.7962
12.6051
12.8404
13.3929
12.6324
12.6101
12.6376
12.8562
12.9662
12.8778
12.7004
12.9949
12.0198
12.8992
12.8183
12.9422
12.7692
12.757
12.8015
13.0841
12.9026
12.8529
12.5496
12.7521
12.896
12.839
12.9628
12.7809
12.7457
12.6
13.0044
12.7263
13.0881
12.6795
12.9621
12.5893
12.8064
12.8659
12.8926
12.7185
13.3773
13.1452
13.1093
13.283
12.723
12.7312
12.9818
13.1811
12.6904
13.0174
12.6428
12.9885
12.6395
13.0486
12.7221
12.6271
12.7325
12.8288
12.5186
12.8801
13.0864
12.657
13.397
12.7091
12.9497
12.8994
12.7529
13.2429
12.9218
13.324
12.7721
12.7332
13.2218
13.2836
13.3772
12.5922
12.7982
12.8168
12.7894
12.9173
12.8234
12.9169
13.2266
12.8496
12.546
12.8481
12.9162
12.9088
12.7175
13.348
12.33
13.0564
12.8204
12.715
13.0822
13.2111
12.6773
13.2848
12.6303
13.0624
12.9278
12.8158
13.1589
13.1186
13.0818
12.8218
12.9625
13.1275
12.8038
12.843
12.725
12.7574
12.5501
12.9278
12.7688
12.9636
12.7756
12.6866
12.9982
12.6478
12.7291
13.2005
12.8067
12.615
12.6161
12.8926
12.8017
13.1832
12.8281
12.7955
12.5789
12.536
12.5966
13.0498
12.647
12.4147
12.5272
12.3009
12.7051
12.9304
12.7133
12.6561
12.5559
12.7273
12.8995
12.7102
12.3613
12.5245
12.9793
12.8059
12.6446
12.9336
12.856
12.363
12.4324
12.8437
12.7499
12.4703
12.6518
12.8549
12.6078
12.7412
12.2532
12.7711
12.3759
12.7274
12.7061
12.7905
12.7068
12.796
12.5767
12.7466
12.5324
12.7239
12.8095
12.5792
13.146
12.8886
12.8417
12.9648
12.6538
13.1722
13.1312
12.1562
12.8734
12.7515
12.4429
12.8301
12.4296
12.55
12.5652
12.6247
12.7766
13.2346
12.8854
12.6804
12.6843
12.9692
12.7781
12.5119
12.8145
12.5758
12.2222
12.7024
12.7116
12.8329
12.8994
12.8552
12.7084
13.1796
12.6525
12.5837
13.0275
12.6879
12.5696
12.959
12.3264
12.3542
12.9145
12.5629
12.8455
12.8286
12.9002
13.0963
12.9809
12.8774
12.4314
12.5368
12.6934
12.7086
12.76
13.1855
12.9548
12.5638
12.5271
12.9
12.8755
12.7002
13.0133
12.8404
13.0631
12.6064
12.9487
13.1217
12.9577
12.6712
12.6464
12.7301
13.1011
12.8179
12.8055
12.6485
12.5762
12.5396
12.8672
12.9498
12.1704
12.7105
12.8387
12.7509
12.749
12.5298
12.6386
12.8214
12.7649
12.4471
12.7442
12.7103
12.616
12.6012
12.7327
12.7677
12.5136
12.9973
12.7449
12.9187
12.5497
12.619
12.9817
12.5833
12.6304
12.4155
12.6832
12.6288
13.0145
12.8119
12.5755
12.6929
13.0683
12.6983
12.638
13.247
12.9736
13.2701
13.1808
13.3852
12.7958
12.6193
13.0505
12.8723
12.8263
12.9621
12.6309
12.9974
12.6665
12.5847
13.1394
13.1848
12.7966
12.0638
13.1648
13.1491
12.9498
12.5714
12.9537
13.1228
12.9241
12.5005
13.0806
12.7962
13.0011
13.2696
12.8581
13.3332
12.8181
12.7612
13.1034
12.9394
12.9027
12.997
13.096
12.5759
12.9119
12.9485
12.7057
13.0291
13.2266
12.4091
12.8442
12.8088
12.9584
12.8521
12.9068
12.8586
12.6316
12.8035
13.1062
13.0701
12.9218
13.2251
12.4586
12.8146
12.9436
13.1289
13.116
13.0347
12.881
12.8658
12.7431
12.8927
13.0041
12.5623
12.8447
12.7634
13.0127
12.5057
12.8101
12.6854
12.834
12.6389
13.1738
13.2318
12.76
13.1536
12.8644
12.989
12.8743
13.0617
12.9175
12.7012
13.2516
13.0559
12.8564
12.6506
12.8205
12.5335
12.8113
13.2281
12.6926
12.9289
13.3367
12.7481
12.7453
12.956
12.9164
12.5405
12.4872
12.6778
12.7912
12.8715
12.6396
12.9459
12.8788
12.7076
12.7266
12.8118
12.8205
13.0499
13.1266
12.875
12.7148
12.6183
13.2496
13.176
13.0063
12.9828
12.9493
12.8468
12.6535
12.9532
13.0316
12.8927
12.6287
13.0307
12.8037
12.9739
12.9863
12.6802
13.4466
13.024
13.0377
12.7301
12.959
12.7976
13.0894
12.8649
12.8584
13.2394
12.8727
12.7154
12.9701
12.7207
13.2289
13.212
13.111
13.5008
12.622
12.9179
12.7113
13.6859
12.83
12.6448
12.798
12.9837
12.7193
13.3188
13.0077
13.1361
13.21
12.6342
13.2211
13.2695
13.2055
12.9816
13.0196
12.7857
12.8516
13.1696
13.4183
12.9558
13.2544
13.5171
12.662
13.026
13.1312
12.9612
12.8954
12.7155
12.9153
13.1368
12.8286
13.4333
12.9222
12.6471
13.2744
12.7921
13.0023
13.2552
13.2339
13.0636
12.893
12.9917
12.6877
13.0893
13.0915
13.473
13.0381
13.0838
13.0341
13.2068
12.9746
13.1335
12.8181
12.8389
13.1367
13.1199
12.9758
12.9206
13.0379
13.2986
13.0572
12.9965
13.2599
13.2058
12.8266
12.7774
12.8089
12.9407
12.8327
13.0867
13.1019
13.0477
13.2388
13.0222
13.2299
12.7273
13.3044
13.0799
12.9148
12.8377
13.3221
12.9953
13.1122
12.9024
12.6442
13.1028
13.0484
12.8793
13.3609
13.1434
12.9014
12.8844
12.7385
12.7619
12.744
12.7805
13.1251
13.2745
13.4501
13.2907
12.9386
12.9653
12.8745
12.9392
13.1652
13.0635
13.0862
13.4943
13.0475
12.9265
13.2045
13.4394
13.1967
12.8925
13.3077
13.1095
12.9089
13.3528
13.1879
13.1534
13.073
12.6492
12.9284
12.8634
13.0629
13.1851
13.0473
13.1617
13.294
13.0735
13.2534
12.8686
13.0749
12.9286
13.4621
13.0817
12.9899
13.0523
13.1087
13.235
13.0444
13.1973
12.9289
13.089
12.823
13.0032
12.9116
12.829
12.9786
13.0042
13.11
13.0466
12.7467
12.9268
12.7151
12.7046
13.2026
12.7303
13.4279
12.6255
12.8304
12.9029
12.9527
13.2844
13.1393
13.2994
13.1595
13.455
12.7124
12.8261
12.8766
13.2576
12.8031
13.0277
12.939
12.9986
12.9818
12.8885
13.0355
12.4036
13.1188
12.7231
12.9447
13.2418
13.0924
13.114
12.9614
12.9944
12.9908
12.9734
12.9853
13.1228
12.9487
13.0821
12.7729
13.0025
12.5436
12.9246
12.9036
13.1414
13.211
12.8935
13.1351
13.1248
13.1008
13.0735
13.0825
12.8253
13.0103
12.7496
12.7877
12.7564
12.9823
12.8468
12.8779
13.0518
13.089
12.697
12.7478
12.9849
12.966
12.6858
12.9031
12.6175
12.8604
12.9298
12.7046
12.8098
13.1292
13.0841
12.6042
13.1528
12.8976
12.8971
12.8454
13.2298
12.9324
12.6894
12.6555
13.2751
13.2175
12.9647
12.7659
13.1326
13.203
13.2567
12.9155
12.9528
13.2602
12.6896
12.8392
12.7543
13.2354
13.2428
13.0971
13.3386
13.1452
13.3802
13.0197
13.0699
13.28
13.1542
13.3167
13.1918
13.1169
13.0957
13.2693
12.899
13.2702
12.9393
12.7507
12.9242
12.8628
13.0219
13.2893
13.226
13.5079
13.1053
12.8829
13.1303
13.3214
13.2775
12.9827
13.6527
12.8445
13.0837
13.0108
12.9728
13.362
12.7267
13.0481
13.494
12.7441
13.1156
13.2274
13.3631
13.0045
13.0659
12.8836
12.8287
13.0328
13.0793
13.38
13.215
12.5976
12.9689
13.1954
13.2541
12.838
13.0873
13.3738
13.0012
13.0413
12.9627
13.0814
13.1878
12.7743
13.1701
12.6125
13.2033
12.7048
13.281
13.2999
13.1392
12.8163
12.9068
13.1925
12.7448
13.0367
12.5117
13.3304
12.7741
12.8172
13.0037
13.0781
13.3331
12.712
12.7851
13.2991
12.739
13.0439
12.9982
12.9541
12.5599
12.8201
13.2989
12.9958
12.5849
12.9142
12.9477
13.1783
12.6913
13.1515
12.9556
12.6814
12.5932
12.7864
12.8182
12.7957
12.7569
12.588
12.398
13.1155
13.3806
12.7276
12.7894
12.7583
12.6697
12.8595
12.0024
12.854
12.7328
12.8305
12.7963
12.7449
12.6477
12.8527
12.6218
12.8839
12.812
12.9461
13.0255
12.6177
12.7616
12.9604
12.6696
12.7881
12.8425
12.8772
12.8374
12.9012
12.9712
12.9302
12.6107
13.0844
13.1184
12.6527
12.6315
12.7168
12.7366
13.1508
12.7334
12.3868
12.6743
12.9888
12.7824
12.6132
12.6922
12.7996
12.6706
12.9456
12.8102
12.7627
12.6786
12.7046
13.1932
12.9671
12.4276
12.5904
13.0352
12.5234
12.6934
12.7358
12.6418
12.9374
12.894
12.9863
12.693
13.016
13.1719
12.7208
12.9105
12.8694
13.1322
13.0985
12.8759
12.9603
12.6651
12.7013
12.1208
12.5873
12.9569
12.758
12.9722
13.0394
12.4832
12.6134
12.9827
13.009
13.158
12.7648
12.9406
12.51
12.8786
12.5929
12.7261
12.8047
13.0489
12.7525
12.7651
12.9019
12.6145
12.7511
12.5789
12.8123
12.7216
13.1822
13.0804
12.9956
12.5921
12.8553
12.5626
12.6372
12.5746
12.967
13.2269
12.9166
12.9853
12.9988
12.7743
13.1611
12.9886
13.1827
12.8295
13.4381
12.7233
13.0288
12.6735
12.9169
12.9368
12.4917
12.8288
13.014
13.0636
13.1166
12.8394
12.6888
12.6879
12.7658
12.9301
13
13.3767
12.9039
13.1319
13.3164
12.9612
12.9506
12.5791
12.837
12.7417
12.8651
13.0271
13.0604
12.5972
13.0503
12.8758
12.6642
12.6286
13.0554
13.3726
12.9232
12.9919
12.4239
12.6462
13.0626
12.8332
12.8625
13.0731
12.4614
12.6262
13.1968
13.2756
13.3501
13.2324
12.8937
13.093
12.7487
12.6736
12.878
12.6584
13.0512
13.1541
12.5267
12.8613
12.6067
12.8854
13.0439
12.7917
12.8084
12.7858
12.9584
12.8401
13.086
12.9727
12.5958
12.7984
13.0658
12.8198
12.6147
12.6501
12.8562
12.7592
12.9085
12.9385
13.0137
12.9643
12.9048
12.5329
12.9546
12.4351
12.7495
12.6029
12.9632
12.7649
12.4146
12.9832
13.0329
12.8185
13.1488
12.6894
12.4681
12.5166
13.2883
13.2236
12.8647
12.4181
12.5269
12.6359
12.5848
12.4554
12.8011
12.4687
13.0944
13.2817
12.5595
12.7576
12.7736
13.092
13.0081
12.9507
12.7763
12.6862
12.9789
12.3565
12.802
12.7453
12.7262
12.576
13.0937
12.5913
12.7253
12.6021
13.3074
12.5732
12.4191
12.792
13.0443
12.6138
12.8757
12.8337
13.0943
12.9466
13.0528
13.3356
12.9771
12.5321
13.0446
12.7064
12.7984
13.1759
12.9611
13.0742
12.7858
12.8705
12.8987
13.1013
13.0343
13.1574
12.7959
12.9955
12.6615
13.1336
12.5341
12.943
12.6248
12.8567
13.1046
12.8799
12.6059
13.2759
13.5027
12.8152
12.6649
12.751
12.9343
12.8177
12.8621
12.8698
12.8727
12.8735
12.7464
12.6211
12.9947
12.9199
12.6556
13.0132
13.0853
12.6705
13.287
12.5978
12.7171
13.4734
12.8117
12.739
12.9542
12.6523
12.8226
12.9301
13.0362
12.8975
12.7811
12.8065
12.9717
12.7918
12.59
12.7431
12.8063
12.5568
12.7103
12.5759
12.9018
12.541
12.6804
12.7177
12.7955
12.6751
12.9793
13.0146
12.9929
12.7569
12.7702
12.8697
13.1901
13.1483
12.7407
12.9303
12.3894
13.3837
12.5528
12.9163
12.8815
13.3656
12.9711
13.1861
12.9447
13.2428
13.0159
12.3967
13.021
12.9096
13.1595
12.4286
13.163
13.0837
12.7433
12.8408
13.0342
12.7027
12.9937
12.8008
13.3692
12.5376
12.7458
12.5783
12.8043
12.8281
12.8362
12.9639
13.1109
12.88
12.8583
12.7565
12.6829
13.1247
12.965
12.3762
13.0317
12.9772
13.3576
13.1059
12.7436
12.5696
12.8859
12.8561
12.6523
13.0162
12.7522
13.0601
12.8706
12.7903
13.1216
12.8971
12.9561
12.4312
12.7701
12.8833
13.0216
12.9898
12.6084
13.3266
12.5967
12.8691
12.6921
13.1934
12.8734
12.3
12.8547
12.3715
12.7535
12.6975
13.0124
13.0293
12.7319
12.6752
12.5148
12.4393
12.5122
12.8408
12.5599
12.4712
12.6383
13.1234
12.7486
13.0941
12.6014
12.6143
12.7373
12.6754
12.9192
12.7502
12.9888
12.9952
12.9674
12.9202
12.4838
12.6088
12.8084
12.7467
12.7578
12.7565
12.5277
12.9984
12.8684
12.7062
13.2371
12.7985
12.6201
13.0788
12.7071
12.3534
12.5208
12.9212
12.9316
12.8781
13.3363
13.0716
12.4708
12.6273
12.9608
13.0959
12.6158
12.906
12.5526
12.103
12.5847
13.2177
13.0893
12.6837
12.8208
13.1748
12.8716
12.7777
12.8026
13.5003
12.7423
12.3852
13.2307
12.6435
12.8971
12.9523
12.947
12.5761
12.9372
12.8415
13.0287
12.6069
13.0915
12.6342
12.7592
13.1419
12.5334
13.0623
13.2481
13.158
13.577
12.7978
12.9088
12.8432
13.2373
12.3079
12.8
12.9422
13.1728
12.4319
12.981
13.1134
12.6482
13.0263
12.8239
13.0928
12.8781
12.8657
12.6494
12.8319
12.9465
13.1029
13.1336
12.9439
12.7632
12.8971
13.0906
12.8089
13.0043
12.7358
13.2134
12.6529
12.6512
12.6467
13.2359
12.8212
13.1871
13.089
12.9081
13.2682
12.9561
12.9045
12.7847
12.7349
12.6876
13.4276
12.7057
12.7657
13
12.8874
12.9928
13.2246
13.3304
12.8784
12.6936
13.1133
12.9738
13.2179
13.0475
12.9567
12.6361
13.2736
12.8914
12.6317
12.527
12.7846
12.9749
12.5481
12.9202
13.2884
12.9848
12.9621
12.9915
13.1982
12.8095
12.7961
13.0345
12.7783
12.7444
12.7664
12.8606
13.2669
13.0486
12.893
13.2353
12.8023
13.1293
12.9415
12.6546
13.3242
13.0965
13.0279
12.7592
13.0597
12.6844
12.8471
12.7836
13.0669
12.5197
13.3394
13.1337
12.8118
12.7347
12.9406
12.613
13.1099
12.831
13.0324
12.6034
12.6742
12.7802
12.9195
12.8631
13.0771
13.2033
12.8203
13.0046
13.1822
13.0734
12.8173
12.8485
13.0748
13.0577
12.87
13.1757
13.0097
13.0972
12.9142
12.5581
12.8732
12.838
12.583
13.2347
13.038
13.2077
12.8818
13.0759
13.2956
13.1434
12.8452
12.8027
12.6325
13.0343
13.2743
13.0664
13.0665
13.2838
13.5361
12.8192
13.2802
12.9034
12.9848
13.3201
13.1508
12.9541
12.983
13.0488
12.9712
13.2555
13.2645
12.9213
13.006
12.7711
13.0861
12.6604
13.1844
12.9103
13.2388
12.9707
12.8565
13.0191
12.8727
12.6767
13.0889
12.6564
12.8153
12.9799
12.6303
13.1006
13.3125
13.38
13.0871
13.3349
12.9877
12.865
12.8096
12.8208
12.7778
12.8346
12.8579
13.0159
12.8681
12.9418
12.9346
12.9403
12.722
13.0297
13.0902
12.7696
12.9381
12.7055
13.0843
12.9698
13.0971
13.0088
12.6803
12.7282
12.8774
13.177
13.0009
13.1255
12.8406
12.8552
13.0085
12.8242
12.8114
13.4816
12.6904
13.0716
13.2216
13.0509
12.7238
12.94
12.5715
13.164
12.8995
13.0823
12.8608
13.1557
13.1847
12.6086
12.9895
12.3857
12.7664
13.1069
12.7136
12.838
12.8741
12.8593
12.9557
12.9937
12.9556
13.0925
12.9512
12.7819
13.1075
13.1613
12.8528
13.2228
12.9488
12.6417
12.8768
13.1582
12.6452
12.3819
12.6757
12.894
12.8941
13.203
12.4212
12.8441
12.5392
12.9237
12.7211
12.7042
13.02
12.7795
13.1043
13.1791
13.1087
12.6594
12.7278
12.7831
12.5431
12.8548
12.8173
12.943
12.5512
12.882
12.7746
12.6442
12.8603
13.0714
12.9557
12.7317
12.803
12.9256
12.7662
12.6957
12.7092
12.8227
12.8529
12.9143
13.053
12.7629
12.656
12.7286
12.7614
12.7185
12.4816
12.9483
13.1601
12.6646
12.6433
13.2218
12.4544
12.7735
12.8694
12.6044
12.3151
12.8497
13.0906
12.7301
12.7394
12.8222
12.9891
12.6979
13.2237
12.7725
12.7709
13.1745
12.927
12.9874
12.9825
12.9707
13.2625
12.8137
12.882
12.6561
12.6938
12.9001
12.8413
13.119
13.2578
13.1686
13.2656
12.9385
12.8266
12.9614
12.8496
13.089
12.8541
12.9919
13.4686
12.8598
13.382
13.1066
13.1992
12.5777
13.0131
13.3193
12.7852
12.8847
13.0515
12.5076
13.1172
13.0938
13.0492
13.1093
12.8894
13.0415
12.9112
13.2496
12.6166
12.8762
13.3753
12.9545
12.9315
12.9113
12.7223
12.8439
12.894
13.2146
13.0231
12.7095
12.5814
13.0879
13.1887
12.8219
13.0601
13.3516
13.1601
13.0341
13.0413
12.797
12.5719
12.5757
12.748
12.5446
12.2734
12.6986
12.694
12.7465
12.6933
12.7122
12.8875
13.0317
12.8209
12.8624
12.8366
12.5863
12.5817
12.3317
12.795
12.8976
12.6138
12.5505
13.1045
12.4566
12.8506
12.7838
12.6033
12.092
12.4625
12.8171
12.4518
12.6226
12.5892
12.4085
13.0001
13.0357
12.8281
12.7419
12.2956
12.2507
12.3864
13.0586
12.4996
12.909
12.8707
12.7967
12.9028
12.9525
12.7014
12.6801
12.7504
12.5357
12.7388
12.7205
12.6203
12.8229
12.8006
12.9296
12.9699
12.5105
12.8743
12.3727
12.7666
13.0312
13.0563
12.9944
13.0261
12.9002
12.6035
12.5844
13.0719
12.6131
13.2525
12.6563
13.2141
12.967
13.5714
13.1018
13.1816
13.0064
12.5143
13.0957
12.4591
12.7155
12.5652
12.7649
12.9384
13.0378
12.8474
12.9002
12.7274
13.0956
12.978
13.0594
13.084
12.6367
12.4836
12.9982
12.8526
12.6195
12.4727
12.9674
13.0252
12.8021
12.8312
12.8641
12.7386
12.6081
13.4655
12.8924
12.4867
12.8309
12.6281
12.7726
12.9643
12.74
12.8727
12.5576
12.6478
12.9832
12.745
13.1749
12.8391
13.0021
13.0417
13.0684
12.7357
13.3114
13.1849
12.6403
12.7358
12.9689
13.0625
12.7704
13.2805
12.8831
13.205
12.9688
13.0057
13.1438
12.9231
13.0027
12.8264
13.25
12.9184
13.0807
13.4988
12.9525
12.8906
12.8907
13.3919
13.0991
12.9796
12.9225
13.3008
13.318
12.6969
12.829
12.6725
13.3125
13.324
12.8077
12.8479
13.3073
13.0361
13.4045
13.1158
13.1896
13.1215
12.788
13.2109
13.1011
12.5892
13.1952
13.073
13.171
13.3608
12.9881
13.0023
12.7545
13.1752
13.3316
12.9705
13.1166
13.0346
12.9364
12.8831
12.5708
12.9089
13.3548
12.6922
12.5192
12.8018
12.9889
12.5698
12.7209
12.9251
12.6737
12.7695
12.8022
13.3376
12.8913
12.9183
12.7948
13.0913
12.9934
12.8982
13.031
13.2922
12.8547
12.9084
12.491
12.8998
12.8202
12.7298
12.892
13.1968
13.2898
12.5017
12.6637
12.9181
13.3238
12.9458
13.1845
12.4751
12.9745
12.4082
13.543
12.623
12.7872
12.7953
12.6773
12.8496
12.7387
12.6669
12.8551
12.7479
12.9719
12.2487
13.0702
12.9611
12.9004
12.8078
12.7829
12.797
13.1842
13.1324
13.1379
12.7344
12.8781
13.0078
12.7531
12.8982
12.9548
12.7705
12.8178
12.4671
13.0599
12.9488
13.2764
12.8988
12.8255
12.7569
12.8112
12.6732
12.8246
13.0136
12.9224
13.2978
12.9316
12.8478
12.4617
13.0653
12.7111
12.7405
13.0606
12.7613
12.88
12.8491
12.5962
13.0818
13.2551
12.8689
12.972
12.8997
12.9461
13.0314
12.8822
12.8156
13.117
12.8223
12.6629
12.7412
12.5858
12.5801
12.9487
12.6148
13.1155
12.8985
13.2725
12.5916
13.0795
12.5785
12.6829
13.4746
13.0974
13.0109
13.0801
13.1021
12.8219
12.9972
13.2605
12.8622
12.3979
13.0892
12.7065
13.25
13.4762
13.0643
12.9969
13.1058
12.6128
12.6326
13.4224
12.8199
13.1272
13.1491
13.2911
13.4763
12.8796
12.6101
12.8394
12.8346
13.1203
12.9229
12.9738
13.0178
12.6616
12.8362
13.3174
13.1721
13.1074
12.9709
12.7353
13.0682
13.1244
13.1253
13.3646
12.5871
12.822
13.2681
12.8394
12.7659
13.0549
12.9572
13.0994
13.2582
13.3579
13.1031
12.7958
13.2636
12.9774
13.3985
12.4531
13.0931
13.1752
13.3642
12.6994
12.6548
12.9896
13.0484
12.4862
13.0579
12.957
13.4915
12.9135
13.2957
13.1615
12.9028
12.8976
12.8153
13.1238
12.8778
12.8763
12.827
12.813
12.2641
12.6259
13.0657
13.0604
12.8332
12.5808
12.9989
12.5634
12.7112
12.8972
13.169
13.1004
12.9863
12.8204
12.8004
13.2827
12.9148
12.9274
12.8433
13.0062
12.8382
12.7157
13.0017
13.3068
12.6763
13.0028
12.926
12.7909
13.3251
12.9645
12.6682
12.9941
13.41
12.3546
12.6103
13.3202
12.9585
12.6096
12.9168
12.6428
13.0291
13.2045
12.4822
12.9921
12.6526
13.0389
12.8034
13.1093
12.902
12.6151
12.9027
12.5969
12.6975
12.796
12.8344
13.2143
12.8232
12.714
13.1502
12.9732
13.1435
12.3764
12.5809
13.1075
12.7145
12.8543
12.7024
12.6981
13.0603
12.9115
13.1726
12.8418
12.8838
12.8274
12.8668
12.7836
12.7648
13.1441
12.5669
12.6873
12.8426
12.4274
12.8071
12.8494
13.0211
13.2546
12.5519
13.065
12.8042
12.9987
12.5385
12.6405
12.7524
13.278
12.7084
12.9319
13.0561
12.3209
12.8892
12.9433
12.5389
13.1036
12.7488
12.9562
12.8356
12.3369
12.7641
12.7216
12.9546
12.7087
13.0247
12.9925
12.9251
12.8049
12.7109
12.5178
13.3063
12.421
12.7699
13.168
12.8987
12.8914
12.8089
12.866
12.8965
13.195
12.7727
12.5548
12.1879
12.9662
12.9905
12.8923
12.9246
12.5051
13.1855
12.8893
12.6801
12.3262
12.9138
12.9359
12.696
12.7657
12.3168
13.0428
12.5548
12.9856
12.4963
12.6508
12.7936
13.1904
12.6465
12.89
12.9483
12.848
13.1737
12.728
12.7142
12.9599
13.2104
13.2236
12.6107
13.0818
12.8393
13.0791
12.9073
13.0289
13.0063
12.9981
12.7917
13.0992
13.2694
13.1904
12.7568
13.5105
13.1302
12.9494
13.2192
13.1045
13.1126
13.0584
13.0086
12.6144
13.1495
12.8058
12.9875
12.7691
12.7881
13.0147
12.9114
12.6945
12.7415
13.183
13.0224
13.35
12.841
13.0481
13.0951
13.2416
13.1122
12.8482
12.766
13.0039
12.6999
13.2231
13.1375
13.0858
13.0173
12.5562
12.9851
13.0837
12.7889
12.9264
12.9719
13.367
12.8515
12.8613
12.9779
12.9513
12.7279
13.1952
12.88
12.5928
12.5891
13.2675
13.0205
13.2717
12.6599
12.994
13.2071
12.6944
13.4957
12.7415
12.8572
13.2297
13.032
13.092
12.9979
12.5101
12.6323
12.9604
12.7512
13.0067
13.0741
13.2448
13.098
12.8255
12.778
12.6095
13.1135
13.1315
12.6398
12.749
12.8785
12.8185
12.979
12.8425
12.9727
12.7137
13.2728
12.9549
12.8935
12.7665
12.785
12.6029
12.7358
13.2151
12.771
12.5989
12.9383
12.6433
12.7095
12.6519
12.9168
12.7783
12.8714
12.8159
13.1077
12.1723
12.7572
12.8201
12.6658
12.9004
13.0574
12.4413
12.632
12.5613
12.7324
12.9768
12.5192
12.7893
12.8914
12.628
12.3794
12.8412
12.9504
12.5332
12.8654
12.4253
12.8879
12.1913
12.6801
12.7922
13.3568
13.1323
12.9199
12.5538
12.2426
12.7834
12.6004
12.6472
12.8113
12.587
13.2725
12.9809
12.8919
13.0122
12.8725
13.3096
13.0039
12.8147
12.7094
12.9659
12.9618
12.8917
13.4499
12.9251
13.2028
12.6789
12.9593
12.6922
12.7359
12.913
12.7603
13.4398
13.0997
13.1498
12.6893
12.6348
13.0543
12.8335
12.8046
13.3467
12.6715
12.9215
12.6982
12.7181
12.665
12.9787
13.4732
13.181
12.9857
12.8607
13.0589
12.5982
12.9625
13.5885
12.9074
12.7106
12.2233
13.1121
12.8193
12.6722
12.9891
13.3383
12.9541
12.5639
13.009
12.7527
13.2206
13.0711
12.644
13.0425
12.8429
12.8955
12.5591
12.6028
12.9324
12.806
12.8089
12.8861
12.8859
13.2599
12.6838
12.8585
13.353
12.7685
12.7277
12.9342
12.997
13.1534
12.9511
12.9363
12.5912
12.5869
13.0932
13.201
12.8367
12.972
12.6649
13.3815
12.748
12.4268
12.8353
13.2745
12.4995
12.5536
13.0857
13.0959
13.1425
12.5415
12.8875
12.9095
12.6223
13.042
13.1339
12.5559
13.0732
13.0353
13.1701
13.3912
12.847
12.6727
12.7891
13.2387
13.2108
13.1086
13.3495
13.1409
12.9549
12.9361
12.8203
13.3583
12.6501
13.0078
13.2664
13.2358
13.1988
12.9881
13.1181
13.0419
12.8183
12.9917
12.946
12.8358
13.0338
12.88
13.2366
13.2986
12.7634
12.8566
12.7089
13.0752
12.9984
13.4998
12.8674
13.1521
13.3484
12.8491
12.9189
12.8845
12.9871
12.8266
12.7389
13.1429
13.1076
13.0775
13.5689
13.0929
12.9245
12.9829
13.213
12.8073
12.8489
13.2438
13.2388
12.8636
12.6404
12.9981
12.7681
12.6583
12.9638
12.7584
12.8853
13.1061
12.7996
12.5817
13.1227
13.0176
12.9844
12.8553
12.8068
12.9196
13.2156
12.6032
12.964
12.8925
12.9802
12.9339
13.0841
12.3103
12.7591
12.6547
12.7736
12.5335
12.6243
13.0079
12.6697
12.8155
12.919
12.7507
12.7994
13.0745
13.2066
13.1243
13.0207
12.9343
13.4116
13.3643
12.8653
12.8554
13.4017
13.1096
13.4403
13.29
13.3169
12.994
13.1524
13.2553
12.9298
13.0669
12.7521
13.1643
12.9418
13.397
13.0095
13.1865
13.5555
13.2988
12.8743
13.2145
12.708
12.9073
13.1639
13.125
12.9821
13.2056
13.2238
12.8612
12.5839
12.8306
12.9855
13.0463
12.8617
13.1373
13.1287
12.7504
13.14
13.1809
13.2494
12.8306
13.1311
13.5336
12.9622
12.8853
13.096
13.1156
12.9414
13.0037
12.9402
13.2978
13.2849
12.9447
13.0101
13.2592
13.2554
13.1574
12.8085
13.1113
13.4076
12.8038
13.347
12.6282
12.9998
13.2312
13.3357
13.0361
12.9189
13.2384
13.1954
12.9153
13.6463
13.3265
13.0566
13.2751
12.8018
13.0519
12.9926
13.017
13.2127
12.8951
13.2398
13.2576
12.6653
12.8278
13.2914
13.0766
12.6308
13.1955
13.3608
13.0533
13.4634
12.6794
12.5492
12.9046
12.8362
12.9347
12.9312
12.863
12.6848
12.9732
12.8129
12.974
12.6559
12.9746
12.9487
12.5017
12.9971
12.5516
12.6593
13.2589
12.9927
13.1137
13.1049
12.6406
13.0241
12.6721
12.9792
12.7775
12.7916
12.8427
12.6667
12.5881
12.6393
12.8588
12.4703
12.5026
13.1741
12.928
12.6744
12.696
12.7033
12.6554
12.4266
13.0162
12.8412
12.6543
12.7739
12.4497
12.8409
12.4894
12.726
12.8199
12.7327
12.4395
13.1418
12.5864
12.6363
12.979
12.7448
13.0673
12.8009
12.87
12.7141
13.0891
12.7662
13.2535
12.793
12.7251
12.9069
13.0575
12.984
12.7503
12.8436
13.0263
12.649
12.4952
12.2168
12.5601
12.9696
12.9612
12.5559
12.9528
13.0383
13.0388
12.3574
13.0789
12.6748
12.7148
12.9502
13.0131
13.4036
12.8315
12.8641
12.6119
12.7241
12.3486
12.7431
12.9091
12.8049
12.8408
12.532
12.5802
12.9499
13.0619
12.495
12.7007
12.6979
12.1469
12.8571
12.971
12.6692
13.016
12.5594
12.6371
12.4128
12.4892
12.9515
13.013
12.7255
13.0432
12.4406
12.6596
12.8271
12.8517
13.0301
12.8679
12.5966
12.6643
12.4872
12.8508
12.6557
12.6145
12.8002
12.575
12.7472
12.9735
13.0655
13.3414
12.7847
13.0314
12.7943
13.2215
12.5523
13.0734
13.2925
12.9926
13.0363
12.6175
12.9136
12.6648
12.7013
13.3197
12.5855
12.8981
13.3036
13.0523
13.1759
12.861
13.0142
12.8363
13.3657
13.0332
12.4915
12.3869
12.8458
12.9914
12.5455
13.0101
12.9363
13.0877
13.0962
13.0499
12.7972
12.8032
12.6776
13.0284
12.6761
12.5644
12.4317
12.5549
12.5727
12.9742
12.9593
13.1148
12.9182
12.8403
12.9715
13.1078
13.1649
12.8767
13.3145
12.8838
12.3144
12.8464
12.8184
12.9397
13.2787
12.4554
13.2011
12.9612
12.4506
13.3966
12.6242
12.9558
12.9203
12.9298
12.8237
12.8885
12.759
12.9593
12.8562
13.0031
12.8362
12.9878
12.68
12.6512
12.9042
12.7457
13.352
13.0886
12.882
13.187
13.1749
12.8409
12.7114
12.8162
13.1691
12.779
12.9466
12.8971
12.6141
13.2596
13.1375
12.6245
12.9338
13.2168
13.2113
12.9756
12.8332
12.9459
13.3579
12.8544
12.8953
12.8807
13.0206
12.9132
13.3488
13.1833
12.9762
12.9177
12.5012
12.884
13.0955
13.1874
13.019
13.1903
12.8525
12.8911
13.0585
12.8698
13.1767
12.9026
12.7795
12.7293
12.7539
13.0294
12.8953
12.9526
12.9454
12.6799
12.7769
12.5139
12.9554
12.5984
13.245
12.7861
12.9412
13.1324
12.6473
12.9692
12.4177
12.8227
13.3066
12.6232
12.7097
13.0759
12.7021
12.9384
12.6962
12.7384
12.9316
12.8371
12.9646
12.3866
12.8496
12.7765
13.1196
12.9465
12.8978
12.9568
13.1127
12.7329
12.79
12.7701
13.2176
13.3931
13.0103
12.9907
13.2077
12.9148
12.8183
12.8593
12.8389
13.2061
12.8303
12.6776
12.886
12.9009
12.9136
12.9337
12.9672
13.3422
12.5979
13.5616
13.0756
12.6123
13.0708
12.8463
12.8397
12.5467
12.9954
12.9226
12.6989
12.9302
12.7985
13.2619
12.8143
13.2184
13.217
13.1131
12.6691
12.9994
12.8106
12.8269
12.6933
12.879
13.0674
12.8685
12.9723
12.4173
12.8058
13.1471
12.804
13.0098
13.0581
12.869
12.6275
12.8666
12.7079
12.7708
12.8384
13.1702
12.7131
12.8113
12.7165
12.9175
12.5819
12.6867
13.2307
12.5295
12.8152
12.4799
12.9491
12.8613
12.6245
13.0315
12.7861
12.9581
13.0558
13.1718
13.3051
12.3481
12.5346
13.0516
12.587
12.7866
13.0489
13.1777
13.0794
12.6918
12.6805
13.1362
12.6909
12.7869
12.9677
12.5229
12.9094
12.9157
13.0884
12.8136
13.1729
12.9838
13.1249
12.8806
12.6773
12.625
12.7903
12.7465
12.4944
12.6247
12.7968
13.0795
12.6137
12.8913
13.0707
13.1411
12.9755
12.8806
13.3133
13.1433
13.0127
13.1292
12.76
12.6426
12.9307
13.1163
12.8087
13.0718
12.5341
12.4645
12.6136
12.8117
12.9433
12.7082
12.7241
12.5681
12.4578
12.5968
12.949
12.7889
12.7181
12.8662
12.7613
12.8672
13.0092
12.9039
12.8191
12.8309
12.3906
13.0005
13.2603
13.1162
12.8288
12.6694
13.3761
13.0838
13.2383
13.0066
12.7912
12.9768
13.1387
13.098
13.1026
12.7357
13.0907
12.3764
12.7261
12.9252
13.0259
13.0239
12.7632
12.9615
12.7822
13.1867
12.8544
12.9886
13.2112
13.0818
12.8805
12.6188
12.381
12.894
12.8603
12.7359
13.2018
13.1394
12.755
12.893
12.9045
12.5931
12.9434
12.9361
12.6433
12.8616
12.9756
12.5836
12.9678
12.6864
12.6809
12.8747
12.9159
12.6991
12.7965
13.0162
12.7755
12.7691
12.378
12.4119
12.9079
12.9442
12.9844
12.7125
12.9054
12.4777
13.1011
12.8074
12.4262
12.9809
13.4885
12.9054
12.9153
13.1419
12.5711
12.8045
12.7197
12.9747
13.148
12.8019
12.9152
13.0679
12.7071
12.6229
12.8255
12.7723
13.0246
12.8166
12.9697
12.7447
12.6717
12.6695
13.3254
12.6834
12.622
13.0222
13.0064
12.5403
12.5732
13.0209
12.4177
12.7663
12.836
12.8712
13.0093
12.7087
13.0916
13.4872
12.7318
13.0203
13.0928
13.3913
12.744
13.4653
13.1128
12.7819
13.241
13.3127
13.0564
13.207
13.7021
12.9224
12.8441
13.0807
12.9511
12.7484
13.2309
13.3389
13.3324
12.5639
12.8976
12.9852
12.7581
13.0086
12.5046
12.9027
12.9584
13.1175
12.6479
12.4883
12.8076
13.0012
12.6865
12.7631
12.7685
13.0401
12.7151
12.7918
12.754
12.5793
12.9592
12.8672
13.0843
12.7148
12.7894
12.6674
12.6772
12.5718
12.8653
12.7593
12.6678
12.8301
12.8234
12.7645
12.3051
12.7495
12.8135
12.6601
12.8218
13.1355
12.9217
13.1618
12.9699
12.7823
13.0792
13.0115
12.9784
12.8273
13.3312
12.6648
13.0761
12.7704
13.1298
12.9108
12.792
13.0131
12.7911
12.8246
13.3003
12.9499
12.7825
12.5937
12.6297
13.1184
12.8223
12.9613
12.8911
13.2324
13.3423
12.7765
13.1906
13.3914
13.0414
12.7176
12.5148
12.963
12.6369
12.2349
12.9587
12.5503
12.9609
12.7501
12.6434
12.5069
13.2687
12.4533
12.7192
12.889
13.0609
12.741
12.8062
12.2604
12.7648
12.6008
13.1047
12.8026
12.8249
12.7787
12.8574
13.0445
12.7776
12.6137
12.4798
12.7385
12.5658
12.7904
12.9016
12.8324
12.8346
13.091
12.8014
12.5003
12.4953
12.6456
12.4124
13.2201
13.0725
12.6131
12.6367
12.8762
12.7593
12.5984
13.1471
12.7524
13.0784
12.8369
12.7835
13.1384
13.0866
13.3073
13.0954
13.038
13.1165
13.2095
12.7914
13.0005
13.1009
13.0339
13.2058
13.083
12.7569
12.8588
13.0765
12.9342
12.8453
12.8452
13.0049
12.9394
12.9852
13.1316
13.0795
13.138
13.1215
12.7959
13.1079
12.8833
12.9439
12.9645
12.621
13.0235
13.0562
13.0147
12.8713
12.6316
12.9149
13.2494
12.6825
12.9712
13.4204
12.8166
13.0798
12.3727
13.2015
13.0847
12.7094
13.4312
13.018
12.6491
13.0008
12.9562
12.4546
13.1947
12.919
13.013
13.2149
12.779
12.7373
13.0157
12.9214
12.7618
13.081
12.9737
12.7159
12.6454
12.9382
12.6891
12.8494
13.038
12.9051
12.423
13.0645
12.9606
13.0001
13.318
13.1343
13.1818
12.7258
13.0918
12.9065
12.7273
12.9727
12.582
13.1091
12.3801
13.4575
12.9468
12.9408
13.0126
13.184
12.7526
12.7165
13.1277
12.7037
12.8912
13.4291
12.8983
13.104
13.2246
12.92
12.7259
13.0506
12.9134
12.644
12.8303
12.9656
12.5339
12.7377
13.3313
12.6426
12.7025
12.8236
13.1352
12.7161
12.7163
13.0528
12.7082
12.9545
13.0075
12.5858
12.9846
12.7351
12.9949
12.832
12.7723
12.9339
12.8123
13.1467
12.9176
12.2557
12.9739
12.5541
12.9901
13.0308
12.5807
12.6593
12.8851
12.9304
12.9209
12.6721
12.8996
12.7309
12.702
12.7294
12.7848
12.726
12.7379
13.0957
12.8667
12.4678
12.4073
12.871
12.4784
12.5908
13.0211
12.8316
12.6451
12.4818
12.9683
12.8469
12.647
12.8675
13.0339
13.0637
13.0633
12.8014
13.0418
12.8907
12.7786
12.8082
12.8722
13.0583
12.5365
12.7138
12.8713
13.1489
12.9853
12.8641
12.7347
12.6201
12.6956
13.1492
13.2227
12.6765
12.7224
12.7411
12.9372
12.9577
12.7761
12.7714
13.1638
12.7629
12.502
13.2367
12.8453
12.7774
12.9556
12.8524
12.6143
12.9056
12.9635
13.1514
12.9466
13.1213
12.7626
12.9529
13.2231
12.6713
13.1764
12.5185
12.5328
12.7193
12.4615
12.6945
12.5603
12.7801
12.7333
13.1315
12.6135
13.2829
13.3457
13.1519
12.9747
12.8509
12.8708
12.8425
12.8508
12.8742
13.3278
13.2684
12.8244
12.8983
12.9159
12.8364
12.4142
13.0942
12.5807
12.9451
12.9815
12.6009
12.8989
13.2183
13.1009
12.8996
13.5639
13.0618
12.6588
12.9569
12.5501
12.5958
12.8559
13.0294
13.1787
12.8956
12.8915
12.426
12.8503
12.7472
12.684
12.6068
12.4339
12.7272
12.4693
12.7512
13.0989
12.5688
12.8871
12.9969
12.7502
12.3711
12.9644
12.5252
12.7922
13.181
12.6267
12.5382
12.695
12.3236
12.4457
12.583
13.0198
13.0784
12.8416
13.0699
13.1148
13.0228
13.0949
12.8858
13.1825
12.6803
12.992
12.882
13.046
13.0782
13.0825
13.1159
12.7843
12.4797
12.7953
12.7219
12.5373
12.6015
12.8609
12.5827
12.6431
12.8909
12.8092
12.7029
12.6766
12.8714
13.1114
12.6842
13.3344
13.2408
12.92
13.0698
13.228
12.9866
13.1169
12.6437
13.1718
13.1453
12.7018
12.9088
13.1979
13.0918
13.1262
13.2451
12.6657
13.0214
12.9327
12.8939
12.7848
12.848
12.6087
12.5804
12.9053
13.1247
12.5484
12.9228
12.9309
12.5862
12.982
13.034
12.8649
13.0884
12.7388
12.8706
12.668
12.8144
12.7312
12.7653
12.5487
13.0816
12.74
12.8717
13.0401
13.3745
13.0873
12.9284
12.7418
13.0138
12.622
13.0081
13.0448
12.7005
12.8181
12.657
12.8697
13.1866
12.8243
13.1151
13.3341
13.1095
13.2581
