4.02558
4.14383
4.12777
4.24361
4.24015
4.02343
3.83525
3.78629
3.81577
4.27088
3.84039
3.89576
4.07722
4.01072
4.08089
4.21114
3.73588
4.24198
4.38796
4.32921
3.64521
3.83056
4.16567
3.79213
4.43609
4.18328
4.34557
4.04066
3.70286
4.13431
3.78755
3.96478
4.13659
4.13938
3.90367
3.89685
3.91612
3.969
3.65524
4.2801
3.93724
3.94022
4.31606
3.94271
4.05943
4.07322
4.40072
3.93406
4.05515
3.88432
3.96624
4.20391
4.15015
3.89041
3.50913
4.2495
4.09702
3.97905
3.5961
4.26064
3.73535
4.14724
4.35352
4.02119
3.76716
4.31636
3.76026
3.90758
4.07103
3.74121
4.17701
4.20086
3.80874
4.72669
4.39373
3.76617
4.11146
4.22757
4.30636
3.93216
3.93612
3.91781
3.88222
3.79258
3.77949
3.76132
4.5805
3.95825
4.21139
4.03898
3.84242
4.04769
3.75186
4.31594
4.38672
3.67886
4.37936
3.92575
3.65074
4.24557
4.37674
3.91348
4.26038
4.22471
3.91342
4.28948
4.01332
4.38985
4.39427
3.97031
3.80396
4.08025
4.16651
4.07388
4.16465
4.38672
4.07941
3.87478
4.01958
3.93751
4.25049
3.97842
4.02441
3.99191
4.15718
4.162
3.95617
4.29264
4.01834
3.80084
3.99205
4.10313
3.91677
4.22692
4.02828
3.8813
3.55255
4.198
4.16518
3.96753
4.47231
3.61735
4.20434
4.17958
4.19942
4.04196
3.77011
3.85648
4.07852
4.03045
4.30941
3.79872
3.78653
4.21705
3.9173
4.04917
4.36596
4.54027
3.79891
4.28245
4.54231
4.09155
3.94969
4.32228
3.94584
4.12674
4.15391
3.88648
4.54481
3.84203
3.92014
4.20883
4.21997
4.07244
3.79608
4.1405
4.49889
4.00023
4.14973
4.1287
4.09315
3.60737
4.16137
4.04278
4.13893
4.13242
3.88418
3.7552
4.35049
4.05509
4.25605
4.40837
4.52112
4.12477
3.84392
4.19864
3.97004
4.28868
4.06558
4.2777
4.4367
4.17916
4.05018
3.87281
4.07798
4.07038
3.97255
3.87413
4.14635
3.58689
4.02755
4.32674
4.12068
4.42695
4.24627
3.61783
4.04657
3.91216
3.69989
3.98224
4.09928
4.25738
4.22481
3.99696
3.98097
4.18143
3.9943
4.23432
4.06069
4.18119
3.7511
4.14781
4.18134
3.88545
4.15445
4.16642
3.65168
3.65768
4.08687
3.98531
4.04862
4.51883
4.20446
3.50378
3.96675
4.13496
3.88886
4.07103
4.13757
4.03697
3.89899
3.93879
4.27067
4.15732
4.36418
4.16627
4.02328
3.99997
3.89717
3.96827
4.48085
4.13935
4.01487
4.20469
4.06561
4.1572
4.0164
3.9499
4.19496
4.53844
4.16255
4.16196
4.24945
4.44647
3.96372
4.3671
4.05333
3.96877
4.12198
4.46766
4.20334
3.99543
4.074
3.86576
4.24834
4.46596
4.26259
4.0204
4.31991
4.05973
4.13359
4.25459
3.49602
4.47291
4.2778
4.31336
4.32204
4.40454
4.07462
4.1776
4.37067
4.10389
4.48992
4.08788
4.24019
4.4099
4.22505
4.17512
4.20084
4.34418
3.80482
3.93387
3.88573
3.99868
3.88497
4.37044
4.04898
4.52286
4.05613
3.96871
4.21718
4.01039
4.222
3.96427
4.35758
4.46789
4.2255
4.07802
3.92998
4.32761
4.40988
4.19198
4.27133
4.09394
3.9005
4.12364
3.95779
4.71581
3.93594
4.02814
4.23693
4.22008
4.3506
4.13163
4.17198
3.89703
4.27132
4.17218
4.3129
3.56528
4.52735
4.02308
4.46804
4.66554
4.45159
4.1084
4.39696
4.19519
4.17388
4.4999
4.08216
4.62178
4.1825
4.22211
4.15182
4.31507
4.39519
4.09962
4.3116
4.78817
4.34307
4.18874
3.96633
4.27697
3.83357
4.32828
4.41915
4.3446
4.31256
4.05495
4.42957
4.48674
4.53059
4.30445
4.15517
4.05547
4.42978
4.49442
4.12251
4.15283
4.67625
4.32867
4.30226
4.35099
4.28472
3.94152
4.25756
4.1655
4.23196
3.99582
3.93572
4.16387
3.75041
4.21475
4.0848
4.45359
3.84886
4.03757
3.85296
4.0796
3.83895
3.62272
4.25883
4.04014
4.33367
4.14433
4.45754
3.6944
4.12498
4.24998
4.24131
4.00117
3.90221
4.21427
3.65834
3.9404
4.44095
4.17573
4.4744
3.97453
4.2378
3.75849
4.45468
4.06007
3.87999
3.87011
4.23584
4.37731
3.91985
4.2606
4.2168
4.40049
4.00797
3.90342
4.71191
3.98157
3.72427
4.17875
4.01997
4.48592
4.11805
4.34911
3.92642
4.1626
4.27778
3.95712
4.27854
4.3918
3.54353
3.8919
4.06658
3.90093
4.23262
4.18067
4.59419
4.00935
3.91353
4.03466
3.98333
3.61656
4.3093
4.14902
4.17366
4.36883
4.31666
3.97669
4.12814
4.21492
4.07653
4.52453
4.36769
4.29376
3.49548
4.08939
3.70496
4.12531
4.23516
4.12939
4.3726
4.33448
4.28658
4.51891
3.9661
4.23318
4.65619
4.70786
4.3099
4.2478
4.28749
4.6232
4.20705
4.31178
4.30603
3.89408
4.3516
4.63284
4.54795
4.00842
4.29124
4.04242
4.19254
4.77097
4.32929
3.82801
4.31859
4.28344
4.41845
4.13364
3.87248
4.46019
4.38638
4.3999
3.90628
4.36488
4.36251
4.02941
4.46591
3.80475
4.13956
3.99205
4.32655
3.62654
4.46664
3.68391
3.86717
4.10088
3.96401
4.32756
4.52027
4.40843
4.00899
4.29414
4.16671
4.19521
3.92607
4.72126
4.72589
4.30676
4.37934
4.22869
4.4375
4.10887
4.15338
4.47283
4.05812
4.18073
3.9232
3.91642
4.35098
4.76954
4.42086
4.34923
4.34321
3.94363
4.34711
4.28327
4.12566
4.32413
4.11704
3.82879
4.47228
4.41402
4.07393
5.00198
4.46431
4.4557
4.3345
4.16259
4.49509
4.07249
4.23855
4.11673
4.08722
4.02328
4.26829
4.2679
4.27625
4.3534
4.2925
4.05718
4.01968
4.0974
4.05233
4.23042
4.0194
3.9683
3.75255
4.33682
4.51232
4.31521
4.06192
4.10923
4.21773
3.80917
3.84683
3.89449
4.15322
4.25147
4.17976
4.38205
4.04245
3.85885
4.06641
4.48786
4.11709
4.41871
4.05874
4.31664
4.09915
4.48811
4.26743
4.27702
3.68868
4.07769
3.94366
4.44727
3.84055
3.98607
3.74528
3.82919
3.80057
4.34119
4.23755
3.96416
4.54361
4.3869
4.43625
4.17232
4.20594
4.00701
4.09197
4.51887
4.15077
4.30104
3.87861
4.30171
4.72031
4.39311
4.52532
4.13053
4.11834
4.00997
4.08155
4.32188
4.28135
4.03649
4.23113
4.27772
4.03591
4.64142
4.02516
4.29385
3.8153
4.4786
4.37158
3.96518
4.34869
3.99217
4.18393
3.99266
4.21172
3.91102
3.91524
4.03311
4.42786
3.99856
3.84089
3.83918
4.2243
4.31208
4.65542
4.15772
4.23411
4.19216
4.13272
3.92986
4.20831
4.14228
4.27849
4.26807
4.05654
3.98894
3.94745
3.84057
3.87069
4.14246
3.92696
4.33822
3.92522
3.95036
4.16077
4.39881
4.14151
3.41925
3.63275
4.02152
4.00081
4.69665
3.85762
4.04317
3.96841
4.39985
4.16032
3.90159
4.02856
4.14846
4.19295
4.17263
3.7991
3.40456
3.83803
3.82861
3.87926
4.00334
3.9213
4.1347
4.22116
3.94891
3.8993
4.04627
4.0048
3.70914
3.5839
4.00751
4.05468
4.53202
4.23988
4.15965
4.58444
3.76539
3.90442
3.93449
4.34962
4.69913
4.15288
4.14676
4.18619
3.95143
3.60045
4.13519
3.84319
4.27247
4.63044
4.04078
4.15892
4.11102
3.88417
4.00281
3.97376
4.05267
4.37341
3.68807
3.95085
4.23843
3.78088
4.2466
4.03214
4.26668
3.8822
4.11247
4.06623
4.28124
3.51991
4.4831
4.22701
4.18333
3.93603
4.0502
4.14531
3.84954
3.91442
4.17264
4.13682
4.13009
3.81534
3.95774
4.14749
3.6952
4.17037
4.33902
4.30641
4.09209
3.46204
4.0584
4.1639
4.07928
4.31956
4.28221
4.37095
3.84813
4.12727
3.80809
4.02611
4.32103
3.95805
4.00007
4.00734
3.76919
4.1047
4.03844
3.76522
4.05917
4.19801
3.93031
4.04421
4.05273
4.09027
4.25372
4.46453
3.99895
3.83739
4.68651
4.08354
4.5811
4.0186
4.22211
4.42047
4.18481
4.05541
4.24298
4.02555
4.14982
3.81808
4.27831
4.37956
4.24225
4.30356
3.9348
4.13865
3.99189
4.19578
4.39039
4.23406
4.19936
4.23294
4.17845
3.9719
4.20372
3.97691
4.43303
4.44429
4.32793
4.04717
4.12095
3.87437
3.96993
4.05033
3.86604
4.13079
4.01357
4.17392
4.24373
3.63224
4.046
3.91527
3.85265
3.92827
4.08602
4.344
4.27437
3.9353
3.92271
3.7733
4.00631
3.90758
3.94871
4.117
3.94131
4.05827
4.00923
4.1885
4.02859
3.74591
4.00965
4.07026
4.19078
3.93923
4.28956
3.90224
3.90484
3.89374
3.52728
4.36553
3.78774
3.94851
3.72727
3.75518
3.76135
3.7742
3.8613
3.92402
4.15379
3.85465
3.87039
3.72039
4.50135
3.99722
4.1065
3.7446
4.05681
3.71098
4.0853
3.87055
3.7515
3.83909
3.85573
4.25271
4.23751
3.88911
3.88553
4.25232
3.86367
4.2808
4.36887
3.73021
4.20459
4.22003
4.06966
3.74389
4.07669
3.99246
4.45915
4.15481
3.88783
3.99984
4.27976
4.20915
4.11442
3.91061
4.1621
4.02005
3.83183
3.92712
4.25205
3.77294
3.42181
4.59916
3.81051
3.9633
4.44298
4.12324
3.88135
4.37444
4.14837
3.95332
4.29053
3.83954
4.22082
4.13012
3.94664
4.26974
4.36746
4.12482
4.45604
3.95142
4.06446
4.0017
4.10059
3.95018
4.01023
4.39854
4.22237
4.23857
3.99383
4.25764
4.16717
4.0736
3.86893
4.19027
4.17385
4.01649
4.14178
4.17175
4.44338
3.66135
4.03865
3.64905
3.90468
4.12669
4.03883
4.20172
3.86618
3.58587
4.66823
4.33307
3.83963
3.75519
4.23073
4.53298
3.924
3.97246
3.79354
4.1717
4.06524
4.0265
3.98273
3.92109
4.03848
3.88859
4.53381
4.20699
4.15454
3.95447
3.92035
4.25992
4.15097
3.88407
4.25612
3.92376
4.35099
3.87959
4.29
4.23942
4.08465
3.83826
4.28823
4.50037
3.98863
4.40516
4.19209
4.06932
4.033
3.84864
4.29266
3.95342
3.61647
3.82157
4.12275
3.60637
3.65678
4.05555
4.30682
3.96698
3.843
3.60818
3.99999
3.93328
3.7754
3.86562
3.92238
3.93415
4.07206
3.86812
3.48368
3.84392
4.22265
4.25532
3.67125
4.40436
4.23578
3.90357
3.94586
4.16354
4.03136
3.84578
4.05983
3.82548
4.11284
4.07463
4.2566
4.23023
3.96262
3.97954
3.83562
3.8467
4.2659
3.66589
3.66523
3.72765
3.9553
3.93115
4.17084
4.15969
3.82702
4.08081
3.77025
4.22095
3.80798
4.1284
3.97396
3.92642
3.98666
4.32723
3.97222
3.62562
3.82088
3.90958
4.21846
4.40631
4.12512
4.4797
3.88733
3.93204
4.14815
4.14408
3.68883
4.07718
4.08626
4.08664
4.33454
4.13306
3.81223
4.16924
3.96925
4.00983
4.09324
4.14507
4.19582
3.92692
4.39174
4.01995
4.03922
4.36012
3.77065
3.67989
4.02202
4.2352
4.05179
3.97971
4.40384
3.75163
3.94857
3.94772
4.17089
4.30394
4.13999
4.18744
3.92186
4.11834
4.3914
4.23674
3.93622
4.26044
4.16208
3.82205
3.77347
4.38419
4.34425
3.87862
4.24948
4.12284
4.23182
3.99811
3.98718
4.0021
4.04654
4.37347
4.07421
3.76784
3.64732
3.97867
4.0712
3.90996
3.78166
3.9075
4.31737
3.76904
4.08077
4.11956
4.25674
3.78701
4.3146
4.21615
4.38515
3.65511
3.85829
4.01796
4.11518
3.86388
4.26997
4.05718
3.98664
3.86894
4.40636
3.89978
4.23173
4.27934
4.5668
4.01359
4.12194
3.98491
4.24134
3.72312
4.10694
4.01736
4.22569
4.01041
4.21706
4.29991
3.96259
4.42109
4.29291
4.05696
4.1384
4.32523
3.73418
4.1312
3.96382
3.79829
4.08382
3.91078
4.13931
4.24534
4.41509
4.47226
4.15787
3.77595
3.64954
3.97607
3.98706
3.7394
4.06339
4.1863
3.86737
3.87405
4.00999
3.67716
3.81466
4.28969
4.02469
4.16266
4.43143
4.06099
3.86629
3.54647
4.20123
4.08788
3.81082
4.14998
3.89729
4.14598
3.88927
4.32899
3.77948
4.22496
3.73681
3.98909
3.64556
4.00159
3.70649
3.56947
3.76738
3.90363
3.98084
4.26031
4.40908
4.06886
3.92753
4.05589
4.10273
3.87064
4.31126
4.03628
4.20548
4.21418
3.94328
4.36616
3.8649
3.6754
3.95084
3.75438
4.09347
3.75165
4.13704
4.31143
4.15019
4.32621
4.39642
4.24607
3.87404
4.48185
4.33923
4.36665
4.23586
3.85865
3.81944
3.65161
3.91935
4.01075
4.31892
4.45034
4.02326
4.11624
3.6427
4.19433
3.7538
3.67959
3.64146
4.25512
3.92072
4.15257
3.78213
3.94701
4.06019
3.85583
4.19942
3.94545
4.17902
3.55009
4.12279
4.11155
3.91697
3.79222
4.22047
4.16483
4.39301
4.23777
4.29338
4.40997
3.94113
4.22071
4.09972
3.89513
3.86463
4.15778
3.89532
4.04353
3.99533
3.84633
4.11536
3.87871
3.78267
3.84365
3.89449
4.25548
3.6013
4.26319
3.92302
4.05886
3.91121
4.13633
3.57288
4.04381
3.77095
4.60501
3.56152
3.95241
3.61098
3.8722
3.96239
4.17301
4.18395
3.86799
3.84104
4.14224
4.18886
4.06869
3.57817
4.12872
3.91901
4.37724
3.95978
3.66667
3.83656
3.92566
4.26588
3.83196
4.1762
3.93648
4.19876
4.1909
3.92539
4.30622
3.72034
4.261
4.15475
4.03441
4.03829
3.76037
3.55353
4.03777
3.96966
3.96238
3.84016
4.26611
3.75557
4.03909
4.08606
3.72379
4.22701
3.75528
4.29658
3.77234
4.09641
4.09492
4.06281
4.09783
3.94689
4.31487
4.14678
4.18659
4.26518
4.30834
3.80169
4.26775
4.07692
4.09837
3.75477
3.77359
4.20926
4.0788
3.95303
4.00497
3.96967
3.9226
3.78697
4.10672
4.21049
4.03918
4.0324
3.87882
3.77921
4.12963
4.08798
4.01828
3.76778
4.13979
3.77406
4.38338
4.20781
4.20492
4.33822
4.11161
3.83207
4.2201
4.4763
3.87073
3.95923
4.27719
4.21836
4.19087
4.11723
4.55839
4.47021
4.07843
3.61123
4.0319
3.95062
4.01232
4.33617
4.74145
4.15998
3.74871
3.9081
4.20403
3.89248
3.95483
4.13196
4.08065
4.07169
4.0744
4.27242
3.73299
3.46853
3.90958
4.25191
4.18786
4.26036
4.06588
3.95552
4.09554
3.70143
3.97211
3.80908
4.33923
3.89932
4.15667
4.13684
4.10662
3.81135
4.01727
4.19422
4.11778
4.25762
3.99953
3.78701
4.24527
4.14529
3.93042
4.10613
4.46287
3.76403
3.89696
4.03157
4.17464
4.35943
4.03022
4.07846
3.92102
4.18002
4.21464
4.18354
4.2264
4.09185
3.92144
3.78868
4.24096
4.00049
3.90593
4.14527
4.23894
4.49909
4.0573
4.36923
4.19515
4.06227
3.98485
4.09491
4.45801
3.86742
4.2397
4.00561
4.18368
4.53548
4.32109
4.07184
3.92818
4.32012
3.98744
4.0913
3.7109
3.96831
4.17388
3.63287
4.28159
4.05418
3.80398
4.19842
4.20554
4.20633
4.18144
4.40547
4.21463
4.03254
4.36055
4.17141
3.85387
4.05973
3.7267
3.88357
3.8998
4.10303
3.79419
4.04317
4.16131
4.11421
3.87093
4.18556
4.11867
4.29449
4.07601
3.8314
4.14183
4.29716
4.07181
4.16697
3.72339
4.20467
3.80061
3.72272
4.06212
4.36281
4.27106
4.04903
4.0591
4.15387
4.28379
3.92023
3.69273
3.75885
4.00492
4.17141
4.07977
3.704
3.82514
4.06997
3.87762
3.7781
4.25973
4.21938
3.64192
4.25736
3.82745
4.59245
4.1077
4.16697
3.79035
3.77369
3.90339
4.24807
4.37207
4.31493
3.92936
4.17762
4.03457
4.49457
4.14964
4.25741
4.16883
4.22593
4.14036
3.60863
4.0391
4.01006
4.09603
4.17536
4.30635
4.30477
4.08032
4.32161
4.0072
3.8226
3.86898
4.31685
4.05277
3.95525
4.156
4.35806
3.47723
3.53727
4.51832
3.72649
4.28933
4.05645
4.20419
4.61677
4.11431
4.37133
3.96186
4.24634
4.1128
4.3445
4.26296
3.90004
4.35581
4.05728
4.17083
4.22403
4.13719
3.66112
4.28656
4.23554
4.04364
3.86798
4.24346
4.28405
4.24342
4.37706
4.09719
3.92363
4.2586
4.19043
4.23618
4.03509
3.6242
4.30237
4.12761
3.86978
4.20866
4.36156
4.36517
3.86543
4.50294
3.69879
4.39504
4.03104
4.02087
4.56414
3.96314
4.12692
4.36717
4.36851
4.20516
4.06485
4.46043
4.36513
4.28892
4.44461
4.60403
4.44121
4.07066
4.52923
3.7105
3.85499
4.23062
3.86394
4.08076
3.91446
4.47137
4.14019
4.17093
4.09316
3.94402
4.04288
4.25023
4.12306
4.79599
4.32119
4.15963
4.25171
4.30332
4.218
4.50896
4.36085
4.13331
4.43413
3.90952
3.97831
3.37075
4.25657
4.22838
4.19713
4.10968
3.56208
4.27438
4.24686
4.19749
4.12301
4.23242
3.86899
4.44005
4.24883
4.45344
3.95675
4.07262
4.11422
3.99649
3.68628
4.17426
3.92741
3.93897
3.80138
4.08431
3.89608
3.90896
4.19786
4.38818
3.84855
3.902
4.47345
4.19753
4.0577
4.20837
3.87403
4.41168
4.08765
4.12953
4.12356
4.20196
4.0173
4.1902
4.54807
4.11325
4.40358
4.47132
3.97668
4.01524
4.03082
4.13692
4.27406
4.31007
3.90989
3.96694
3.88246
3.99044
4.03007
4.31631
4.37162
4.17685
4.44466
3.91182
4.08317
3.85136
3.99963
4.3735
3.72707
4.03086
3.88422
4.3717
3.81091
4.2309
3.9432
4.21427
3.98479
3.88983
3.8544
4.11432
4.23595
4.07999
3.86486
4.17817
4.12876
4.21885
4.35485
4.38398
4.39165
4.17355
3.848
4.05643
4.37766
4.58975
4.24927
4.00389
3.8756
4.02345
4.39234
4.32209
3.95954
3.89039
4.16458
4.17031
3.78492
4.04749
4.31753
3.87834
4.07205
3.74591
4.0708
4.07119
4.52517
4.01651
4.59226
4.39172
4.51874
4.02173
4.16697
4.20483
4.15302
4.14896
4.29879
4.44374
4.14512
4.094
4.25587
4.6024
4.72527
3.75039
3.9254
3.80255
3.89083
4.06024
4.21047
4.02903
4.0466
4.41222
4.38379
4.46023
4.44254
4.35919
4.10035
4.0706
4.52006
4.41239
3.92232
4.25192
4.4719
4.12854
4.24439
4.35207
3.76531
3.81177
3.95526
4.05721
3.80974
3.7911
3.90633
3.97093
3.91403
3.72975
3.62539
4.25632
4.26
4.17012
3.73411
3.70096
4.04365
4.0252
4.02166
3.91073
3.91825
3.95304
3.91891
3.58107
4.09597
4.35009
4.06497
4.00918
3.81926
3.87056
4.10149
3.7141
4.0689
3.61373
3.95827
3.54595
3.87739
3.68656
4.1669
3.55322
4.15439
3.96735
3.86672
3.61973
4.24423
4.05032
3.71966
3.87165
3.91683
4.29925
3.7452
3.77943
4.31276
4.13579
3.94364
3.91811
4.03321
4.26243
4.23379
4.29611
3.90696
3.58012
3.74477
3.99584
4.15021
3.69704
4.19756
4.03526
4.07066
3.78001
3.78533
3.55537
4.24419
3.99315
4.2438
4.39522
3.66685
3.85931
3.93217
3.9141
4.13043
3.71942
4.09639
4.36309
3.99313
4.19674
4.03536
3.79295
3.85353
4.30611
4.24096
4.18769
4.18355
3.63958
3.57847
4.32202
4.21228
3.75232
4.43778
3.65818
4.0474
3.97308
4.42829
3.99011
3.81043
4.16244
4.20033
3.92424
4.13758
3.90944
3.83725
4.10561
3.96382
3.82828
4.3678
4.13474
3.63926
4.08378
4.38609
4.22763
3.67252
4.13984
4.26449
3.88072
4.24987
3.77442
4.09368
4.27313
3.76314
4.12022
4.44523
4.41195
4.34907
4.39187
4.44933
4.07891
3.9738
3.91774
4.10237
3.44213
4.32521
4.03534
3.91652
4.31394
3.73013
4.08488
3.6321
4.32237
4.10675
4.18674
4.37132
4.41996
4.68211
4.16026
4.31277
3.7404
4.2594
4.039
4.44173
4.23371
3.8396
4.2242
4.17533
3.83503
3.71482
4.42455
4.26629
4.15799
4.19397
4.11232
3.8938
4.03868
4.22555
4.08219
4.37027
3.98046
3.75692
4.14402
4.26161
4.2645
4.02411
3.85266
3.9777
3.81304
3.98685
3.52081
4.05917
4.11819
4.04214
4.13647
4.02646
4.42769
3.897
4.22901
4.17422
3.99974
4.25353
3.90826
3.87941
4.07447
3.83362
3.93459
4.28815
3.9077
3.44623
4.26594
3.97527
4.03847
3.98899
4.18781
4.09172
3.65841
4.05081
3.96888
3.7724
3.84669
4.07928
3.80666
4.112
4.23237
4.0103
3.68082
4.09211
4.09546
3.80765
4.23973
4.84225
4.05148
4.18909
4.01307
3.91873
4.29036
4.12419
4.24114
3.97969
3.77135
3.94617
3.78739
3.84434
4.19585
3.76347
4.37664
4.02483
4.19031
3.74238
4.04651
4.10627
3.62828
3.80846
4.17287
3.70599
3.93827
4.18799
4.03672
4.32183
4.12708
3.6868
3.8361
3.75908
4.22899
3.87174
3.88437
3.81763
3.7492
3.51375
4.0036
3.86065
3.58568
4.44054
4.21653
3.80172
3.623
4.32714
3.83075
4.2699
4.04572
3.96184
4.44777
3.69892
4.06375
4.39176
4.03071
3.7734
4.00287
4.0337
3.66951
3.91808
3.65211
4.17298
4.17179
3.99669
4.17592
3.95472
4.39361
3.78844
3.7928
4.19285
4.28329
4.25821
4.06908
4.26695
3.90174
3.97806
4.13847
3.86049
3.60815
3.66001
4.23643
3.81108
4.17621
3.93391
4.20199
3.55978
4.20611
4.25863
4.15797
3.75733
3.79028
4.00437
4.1683
4.48853
4.49749
4.13226
4.01526
3.90475
4.32828
3.84926
3.90664
4.01018
4.05092
4.03384
4.14716
4.22572
4.15971
4.10977
4.0362
4.56367
3.95455
4.11191
4.51321
4.60276
4.03464
4.38177
4.33097
4.42461
3.80174
4.41229
4.2161
4.09737
4.30448
4.06677
4.17353
4.03148
4.12628
3.70318
4.31628
4.05044
3.75869
3.95368
3.92482
4.19967
3.93418
4.7144
3.95474
3.77577
4.24634
4.16184
4.02639
4.34271
3.95503
3.89241
4.24488
3.98778
4.30626
4.04356
4.48894
3.99622
3.89762
3.97365
4.03718
3.95813
3.56558
4.11044
4.13953
4.19574
3.88492
3.89105
4.62167
4.26861
3.98714
4.1269
3.76997
3.97802
4.30549
4.35728
4.25948
4.32121
3.87861
4.02062
4.04737
4.06278
4.35318
4.03428
4.20362
3.99523
4.2413
4.24677
4.08294
4.35964
4.29565
3.97597
4.08773
4.30815
4.17483
4.1489
4.3397
4.0521
4.171
3.99998
4.07217
4.15098
3.89348
4.04558
3.94174
4.37083
4.40541
3.82157
3.99156
4.33818
4.12497
4.13023
4.23457
4.24936
3.82557
3.68203
4.35145
3.57388
3.4665
3.96871
3.92459
3.94577
4.07899
4.24992
4.09431
3.51627
4.25335
4.4619
4.32715
4.2441
4.28294
4.19864
3.9003
4.19052
4.1262
4.52147
4.34946
3.83885
3.8315
4.13923
4.5957
4.31511
4.2926
4.38604
4.18695
4.12142
4.69509
3.95272
4.18711
4.27215
4.19478
4.24319
4.07878
4.07968
4.49604
4.46702
3.89112
3.90447
4.3924
3.97329
4.36476
4.19789
3.8291
3.78936
3.81256
4.22926
4.31485
3.92046
4.34793
4.02902
4.43586
4.19329
4.45674
3.85715
4.22131
4.40074
4.34181
4.48088
4.29855
3.92652
4.27331
4.39776
4.45374
4.01637
4.34057
4.27161
4.30777
4.2599
4.13778
3.67132
4.02299
4.34073
4.79331
4.17602
4.45571
4.24254
4.40996
4.08593
4.16076
3.90639
4.55261
4.10468
4.68752
4.29562
4.46174
4.0599
3.98847
4.07093
3.48144
3.86794
3.64724
3.91394
3.89435
3.82165
4.21175
4.01524
4.04492
4.12165
3.97851
4.13177
4.02315
3.86707
3.59769
3.99942
3.91274
3.73007
4.01177
3.60672
3.4219
3.93458
4.0001
3.90422
3.64352
4.2127
3.86912
4.13423
4.04663
4.50094
3.4411
4.13837
3.82921
4.23148
3.59694
4.2124
4.02297
4.00893
3.94126
4.04824
3.97666
3.89163
3.7774
4.15706
3.91816
3.71609
3.75289
3.93789
4.23955
4.57345
3.83273
4.08367
3.66814
3.5959
3.85165
4.08719
3.77437
3.85894
4.15257
3.79136
3.70135
4.28757
3.8054
4.20483
3.96141
3.71891
3.83071
3.71203
3.65277
4.36408
4.1572
3.78189
4.03795
3.93266
3.89823
4.02271
4.131
4.09908
3.75286
4.10435
4.09845
4.15122
4.23379
3.94688
4.2324
4.23607
4.45963
4.04153
3.81242
4.32469
4.15361
4.02167
4.27739
3.59841
3.77805
4.05006
3.83705
3.91344
4.13673
4.17178
4.00815
4.0567
4.37251
4.08654
3.81859
4.3534
4.06052
4.36299
4.27262
4.01918
4.53078
3.78803
3.88558
4.15678
3.90138
3.96333
3.97463
4.32355
4.34545
4.15477
4.14784
3.98893
4.29961
3.96229
3.90733
4.03192
4.6115
3.98593
3.78758
4.26911
4.11975
3.70823
4.473
4.1181
4.3736
3.81816
4.28482
3.9031
3.82292
3.96176
4.00892
4.20779
3.99771
4.2364
4.31856
3.83442
3.51532
3.84972
4.6173
4.66849
3.79909
4.31619
4.02716
4.22007
4.0773
4.40635
4.08122
4.12419
4.13156
3.86576
3.68682
4.09647
3.89825
3.85235
3.80773
3.67007
3.77493
4.29449
4.11088
3.9425
4.52891
4.03786
4.46462
3.78565
4.50563
4.51282
3.7597
4.11624
4.32369
4.40342
4.05946
4.05924
4.12205
4.64279
3.94861
4.18757
4.13994
3.96824
4.15677
4.14892
3.9463
3.95529
3.93231
4.29459
4.10015
4.55941
4.2271
3.95
4.09806
4.45352
4.58155
4.00473
4.05273
4.1154
4.23467
4.14142
4.08452
4.10655
3.90549
3.94084
4.1671
4.14398
3.92853
4.10275
4.10677
4.01238
4.24879
4.1613
3.66312
3.9569
3.89987
4.03789
4.5538
4.24913
4.19963
4.33491
3.72873
3.778
4.0656
4.12938
3.92476
3.76674
3.69335
3.95853
4.06561
3.84861
4.38468
3.52095
4.16704
4.42631
4.18394
3.78105
4.39755
4.14017
4.22491
4.43383
3.91252
4.11371
3.77477
3.9722
4.08326
4.46923
4.04227
3.94664
4.3286
4.15686
4.37732
4.18299
4.08144
4.09406
3.97912
4.08961
4.39481
4.28197
4.13995
3.80132
4.02639
3.95536
4.02734
3.78983
4.10158
4.38663
4.10248
4.17999
4.02824
3.74055
3.82867
4.17355
4.08723
3.60484
3.61958
4.05096
3.69278
3.87978
4.22636
3.95314
4.44277
3.82141
4.01298
3.9529
4.52825
4.09987
4.31762
3.54997
3.75569
4.30679
4.16859
3.89962
3.75154
4.23874
3.86348
3.90998
4.27018
4.4112
3.61283
4.43676
4.39909
4.36453
3.78251
4.06601
3.76683
4.17085
4.15524
4.20018
4.4157
3.87867
3.98531
4.05869
3.93113
4.28543
4.06666
4.12481
4.00114
3.75707
3.96476
4.3131
3.85372
3.59644
4.36503
3.98816
4.46388
4.38666
3.97789
3.9935
3.93846
3.7956
3.99271
4.10922
3.9716
4.08253
4.21854
3.57699
3.65431
4.19133
3.97471
3.94226
3.93754
3.93925
3.75954
4.50671
4.55316
4.09158
4.18946
3.55693
4.33158
3.75083
4.12985
4.32045
3.72541
4.0118
3.79847
4.17353
3.9766
3.88907
4.24114
4.10908
4.17262
3.78726
4.31664
4.41517
4.02058
3.68651
4.28582
3.88865
3.7092
3.87441
3.91254
4.07039
4.26761
3.57865
3.9889
3.76406
3.79445
3.98242
4.2663
4.05623
3.78652
4.28984
4.23465
4.14064
3.78383
3.94748
3.7264
3.63922
3.80744
3.89547
4.04811
3.73669
4.0625
3.88153
3.86903
3.92856
3.67133
4.09137
4.24248
4.2654
4.11819
4.14714
3.81771
4.00483
4.1609
4.10938
4.07987
3.80526
4.21143
3.97795
4.23719
4.32801
4.28898
4.25477
4.01876
4.64737
3.611
4.08105
4.02264
3.65908
3.8186
4.11518
4.02321
3.69832
4.16156
3.55208
3.87746
4.28904
4.05369
3.86291
3.9969
4.19305
4.21837
3.94304
4.23269
4.06489
3.81399
4.04956
3.91049
4.49578
4.06908
4.2054
4.15096
4.1319
4.0969
4.21299
4.21192
4.16549
4.58707
4.19347
4.35128
4.62809
3.81809
4.14727
4.04374
4.38093
4.36688
3.87802
3.7399
4.44216
4.25239
4.05775
4.12919
4.42766
3.99503
3.97279
3.95179
4.05415
4.15145
4.13274
4.19226
3.64291
4.29797
4.39557
4.23616
4.16931
3.90973
4.02086
3.97393
4.45302
4.10997
3.8524
3.97533
4.0769
4.03571
4.2082
3.89121
3.8739
4.08319
4.22311
3.95385
4.61598
4.47152
4.05355
3.8965
4.06539
4.25679
4.00551
3.80246
4.13756
4.37139
4.20153
3.76952
4.07844
3.84922
4.28454
4.16623
3.98613
4.18674
4.03987
4.39102
4.22218
4.0929
4.04919
3.9679
4.14617
3.99725
3.96593
3.96404
4.47472
4.36495
3.86144
4.04097
4.19974
3.8606
4.24795
4.46813
4.16126
3.97483
4.19653
3.67228
3.8869
3.69621
4.42147
4.11222
3.99443
4.25371
4.02001
4.03571
4.24048
4.08497
3.91258
4.39815
4.4204
3.80285
3.7236
4.07909
4.05441
4.11138
3.81145
3.90071
4.2669
3.96961
4.1386
4.27658
4.42206
3.72658
4.16342
4.242
4.31776
3.62997
4.36608
4.24002
4.11209
4.20682
4.04975
4.16695
4.49518
4.31423
3.92321
4.47182
3.83889
3.75377
3.99045
4.41785
4.12902
4.081
4.14181
4.02816
3.69525
3.98408
3.81671
3.77439
4.14719
4.12027
4.20481
4.1593
3.79283
4.04544
4.17376
4.06183
4.1623
4.16585
3.99716
3.70232
3.5934
4.05122
3.84861
4.46512
4.39347
4.40505
4.04096
3.62073
3.95118
4.35733
4.00378
4.09544
4.11534
4.11958
4.14101
3.80427
3.97715
4.15188
4.22881
3.85098
4.1178
4.4932
4.09178
3.67555
4.50623
4.05656
4.07473
4.27724
4.40917
4.09937
4.06356
4.10603
3.75384
4.28549
4.05288
3.99462
3.94907
4.10132
4.14855
3.8347
4.19603
3.98194
3.97366
4.21317
3.74054
3.82946
3.5662
4.09939
4.1909
4.17845
4.12745
4.07538
4.09523
3.8765
3.90101
4.06537
3.90986
4.17519
3.97489
3.89721
4.05066
3.77667
3.8393
4.33451
4.22196
4.37048
4.13924
3.75753
4.03825
3.97016
4.41565
4.1722
3.70656
4.28921
4.27516
4.01105
4.14004
3.89214
4.11433
3.90438
4.16626
3.66278
4.01571
4.02511
3.67562
4.41481
4.43091
3.90254
4.03405
4.1091
4.26438
4.03967
3.98943
3.9633
4.14604
4.06055
4.09565
4.38826
4.41595
3.99852
3.9528
3.97446
4.04859
3.97846
4.05827
3.84468
3.86061
3.83534
3.81325
3.97976
4.29192
3.90816
3.99026
3.69426
4.02363
4.14755
4.1315
4.1885
4.19181
3.9786
4.24739
4.02402
4.23748
4.08353
3.72321
4.00263
3.97204
4.01836
4.18493
3.97055
4.01725
3.78074
3.70397
3.73601
4.06548
3.75007
4.12225
3.50714
3.36321
3.56083
3.81794
3.83766
4.26935
4.21774
3.82916
3.97144
3.82937
4.47875
3.9409
3.94657
3.9591
3.8225
3.84155
3.76525
3.93961
4.04568
3.65098
3.97533
3.64557
4.0927
4.04845
4.23538
4.39301
3.76878
3.70203
3.90678
3.85199
3.70671
4.19565
3.72578
4.18819
4.44756
3.98119
3.76823
3.85469
3.84397
4.06339
3.94222
3.90178
4.22441
3.93659
3.60376
3.81199
4.07457
4.37849
4.539
4.25422
3.99955
4.29629
4.86133
4.22303
4.05609
4.04257
4.34434
4.44715
4.18794
4.14408
4.06418
4.2039
4.2916
4.46557
4.3386
4.07186
4.07802
4.28735
4.19564
3.98295
4.20346
4.34958
4.06346
4.48604
4.1781
4.23966
4.65931
4.35314
4.40905
4.29244
4.28957
4.51105
4.23631
4.55426
4.46604
4.28242
4.23199
4.03941
4.27875
3.98296
4.3543
3.95218
4.10931
4.59329
4.3036
4.23052
4.29461
3.88818
4.5806
4.16338
3.99195
4.31062
3.90175
4.34741
3.92718
4.45693
4.36565
4.37356
3.90346
4.24031
3.66677
4.21243
4.2527
3.61898
4.04421
4.0264
4.02465
4.21961
3.76695
3.87365
3.69416
3.87945
3.7018
4.28634
4.08761
4.37922
4.01744
4.11791
4.08615
4.10687
3.8865
3.86658
3.72711
4.15505
4.63658
4.17625
4.34626
4.40068
4.17553
3.97395
4.13158
4.06034
4.27376
4.17316
3.8682
3.83841
3.96945
4.12479
4.19648
4.04455
3.78841
4.14986
4.1488
4.60962
4.30808
4.06436
4.09505
4.47489
3.94056
4.16291
4.47697
4.10957
3.5468
4.19463
4.17898
4.40921
4.30929
4.64609
4.19571
4.09762
4.16062
4.03078
3.87193
4.60675
4.0631
3.91909
3.80021
3.89381
3.8492
4.09814
4.51645
3.79047
4.24325
4.12675
4.31095
3.52843
4.46881
4.35967
4.2462
4.332
4.21909
4.26831
4.01213
4.15883
4.06971
4.4049
4.20392
4.06305
4.33887
4.40702
3.95539
4.20149
4.06122
4.13877
3.92069
4.18514
3.88215
4.53994
4.19918
3.97219
4.40794
3.87178
3.913
3.75673
4.4446
4.62248
4.41716
4.08478
4.19439
4.2149
4.47824
4.34303
4.24981
4.32812
3.97501
3.82023
3.93393
4.06894
3.9716
4.02813
4.27978
4.1296
4.16086
3.98161
4.29725
4.11679
4.64248
4.06089
4.19224
4.20558
4.32336
4.06158
4.38144
4.51886
4.31774
4.25921
3.94712
3.9347
3.85276
4.04743
4.03533
4.36333
4.42128
3.81589
4.34889
4.16413
4.1536
4.11968
4.05235
4.01844
4.33462
4.18329
4.53402
4.10244
4.43483
4.28819
4.06282
4.49356
4.15044
3.96903
4.1956
3.96588
4.2285
4.14679
3.90246
4.04667
3.90593
3.847
4.20305
4.24041
3.68267
4.0146
4.15945
4.08494
3.79151
3.62843
3.66175
4.07967
4.09844
3.78067
4.05633
4.13751
3.63815
3.91714
4.30592
4.07628
3.978
4.02295
3.70652
3.99623
3.97112
3.88168
4.49061
3.68961
3.91067
4.01743
4.12224
4.0524
4.14053
4.21216
4.22183
3.76762
3.58505
4.12501
3.90898
3.56694
4.11776
4.42488
4.04439
4.02864
3.84181
3.53763
3.84508
4.0403
4.23172
3.90956
4.40079
4.08887
4.11334
3.76018
3.99972
4.31985
4.18941
3.83702
4.25113
3.8629
3.80808
4.01436
3.88686
3.95649
3.63181
4.2067
3.90504
4.15406
3.96135
4.38145
3.69921
4.24608
4.27244
4.26522
4.09233
4.42713
3.94209
4.04593
3.9329
3.49437
4.36896
3.97706
3.96519
4.33035
3.82197
3.9202
3.94947
4.20509
4.0379
3.97029
4.06266
3.85237
3.54248
3.51973
4.17132
4.27925
3.82332
3.96257
3.88143
3.73266
3.78358
4.62367
4.12013
4.38038
4.14261
3.7086
4.29537
4.31495
4.0492
4.11704
4.23203
3.89702
3.62719
3.85995
4.01742
4.16029
4.07596
3.87356
3.96536
4.27073
3.8267
4.06368
4.11164
3.85718
3.95667
3.82367
4.19787
3.82088
3.98243
3.80738
4.0669
4.07935
4.05521
4.18732
4.1006
3.93887
3.8967
4.05624
3.83864
3.81657
4.0476
4.31661
4.1066
3.98995
4.20127
3.68838
3.93198
4.42541
3.99163
4.37807
3.77909
4.17749
4.16464
4.15625
3.90295
3.65767
4.25225
4.00422
4.23435
3.46212
3.56877
4.00598
4.52208
4.29663
4.02255
3.79566
4.17717
4.08792
4.23544
4.21458
4.28608
3.94602
3.85371
4.33113
4.1996
4.33846
4.19122
4.40457
4.60976
4.1706
4.20041
4.05021
4.52894
4.13689
4.21817
4.64869
4.15137
4.0672
4.39087
4.39237
3.96107
3.92619
4.22625
4.15533
4.58532
4.04198
4.31963
3.99507
4.22815
4.14493
4.23677
4.2051
3.74117
4.51783
4.16554
4.34145
4.32043
4.36727
4.25366
4.39326
4.22141
4.24715
4.27062
4.14612
3.88787
3.72458
3.81248
3.87449
4.03763
3.86585
3.84895
4.33862
3.89752
4.17463
4.21716
4.41123
3.98178
4.17294
4.18515
4.46896
4.12866
4.58796
4.0637
3.9289
4.17651
4.00835
4.33538
4.11712
3.88532
4.4166
4.17272
4.2319
4.09624
4.04918
4.17586
4.48038
4.09727
4.29057
4.11371
3.67617
4.06283
4.36339
4.28959
4.23995
3.59396
3.60685
3.99887
4.49069
4.16239
4.31292
4.48439
3.96906
4.17845
4.21659
4.01392
3.86691
4.18994
4.23758
4.0596
3.9383
4.06484
4.09665
4.05528
4.01933
4.26642
4.1805
4.07517
4.08115
4.15204
4.09384
3.62229
4.01837
4.2147
3.84923
4.23392
3.96467
3.96166
3.92656
4.00293
4.36774
4.22801
4.08842
4.02653
4.07122
4.48218
4.16415
3.93129
3.68623
3.93848
3.8483
3.76721
3.91861
3.99652
3.99404
4.00965
3.89184
4.28752
3.92438
3.9773
3.98509
4.24628
4.01072
4.22021
4.19502
4.00406
3.70993
3.75382
3.96203
3.83626
3.47063
3.90079
3.67764
3.78662
4.01778
4.40857
3.79344
4.00461
4.07037
4.44448
3.89629
4.11118
3.70568
4.05955
3.7741
4.0295
4.01493
3.85056
3.81127
4.47939
4.0924
3.67626
4.00493
3.73061
3.9021
3.9864
3.98401
4.19427
3.89575
3.72793
4.35461
3.94023
4.12316
3.75579
4.34851
3.65975
4.18202
4.06734
3.73783
4.37573
4.03775
3.87434
3.84424
3.74975
3.60614
3.937
4.1027
3.97983
3.92322
3.9699
3.87485
3.92274
4.08982
4.16013
3.87776
4.06664
3.67439
4.1766
3.69537
4.26624
3.85426
3.93807
3.83573
4.12553
3.93797
3.72557
3.86722
3.93944
3.95556
4.02761
4.06398
3.89867
3.9741
4.34655
3.97172
4.28028
3.84438
3.87627
3.9515
4.07744
4.15153
3.70985
4.12113
4.00826
4.17828
4.16382
3.72403
3.95336
4.25882
4.03261
3.94699
4.02402
4.0207
4.02724
3.73724
3.56637
3.71515
3.43035
3.51753
4.24382
4.58187
4.1106
3.97875
3.89825
3.85106
3.98661
4.11578
4.09968
4.14009
3.77036
4.13761
4.00317
4.02889
3.68137
4.21757
4.02499
4.00256
3.8925
4.04212
3.84773
3.94517
4.27298
4.10652
3.90226
3.93318
4.13968
3.96932
4.1332
4.15992
3.98502
4.08009
4.03345
4.28528
3.9328
4.39049
4.31724
4.26486
3.84143
3.82199
3.82925
4.28818
4.3894
4.41641
3.97702
4.02065
4.46812
3.86524
4.05207
3.79149
4.15201
4.13079
3.87169
3.92375
3.65799
4.0653
3.88727
3.82786
4.45169
4.13311
3.77459
4.28216
4.30701
4.14406
4.00959
4.03517
4.18822
4.12024
4.36946
3.7764
3.85575
3.75689
4.03727
4.28637
3.96372
4.17135
4.21626
4.00843
3.9374
4.45498
3.73439
3.80909
4.08126
4.46278
3.86441
3.78483
3.98796
3.7042
3.6736
3.76942
4.0418
4.31564
4.40334
3.55706
4.49238
4.00338
4.47967
3.99199
4.16593
3.91245
3.9691
4.01797
4.06234
4.10043
3.80938
4.00102
4.10334
3.85848
3.92814
4.29096
4.62611
4.10996
3.96889
4.0395
4.40534
4.06388
3.91757
3.88093
3.99981
3.97625
3.99736
3.64608
3.74878
4.09781
4.0343
4.20284
4.11831
4.51325
3.97905
4.20863
3.8607
4.15147
3.47943
3.65947
4.1024
3.36401
4.56703
3.26165
4.02257
4.10567
4.29286
3.76515
4.35111
3.98366
3.75315
3.59127
3.96062
4.15756
3.75208
3.91676
4.06842
4.12243
4.10127
3.8122
4.09054
4.3468
3.74932
3.92915
3.92863
4.0772
3.59143
4.39034
4.00574
4.0392
4.19012
4.06015
3.90225
3.95063
4.05299
3.7951
4.05838
3.81987
4.0038
4.3341
3.81621
3.66755
3.83752
3.85494
3.85904
4.14782
3.81366
4.05933
4.13388
4.27308
4.1471
4.24212
4.14555
3.87361
4.20821
4.03385
4.36691
4.02041
4.16466
4.41959
4.34722
4.48677
4.24079
4.32923
4.33741
3.875
4.20311
3.94673
3.95266
3.91704
4.40063
4.19305
3.9881
4.27546
4.09149
4.26522
4.37257
4.13249
4.02904
4.23247
4.14468
4.68147
4.2037
3.91745
3.98306
3.81637
4.10029
4.10803
3.48403
4.54059
3.96416
4.23969
4.19314
4.03466
4.22683
3.50593
4.03117
4.02116
4.29264
3.79307
3.69913
4.05796
4.14314
4.18732
3.87179
4.06885
3.98276
4.07548
4.00256
3.86912
3.83454
3.81895
3.9992
4.01968
4.09107
4.05738
3.76226
4.23985
4.10932
4.08145
3.75745
3.96303
4.04813
3.91868
4.19448
4.11888
3.61051
4.2689
3.82552
4.01043
3.85475
4.23195
4.0333
3.65253
3.75192
3.51699
3.72128
4.03452
4.0001
4.15984
4.14873
4.04151
4.0536
3.91943
3.96957
4.06359
3.93806
3.75435
4.15306
3.92427
3.85098
4.07038
3.93067
3.79536
3.67686
4.34128
3.80819
3.96224
4.17277
4.06061
3.92053
3.81473
4.38404
3.99114
4.16743
3.92568
3.87099
3.64409
4.42119
3.93948
4.63601
4.46954
4.10225
4.09715
4.41154
4.20665
4.0285
3.77707
4.03613
4.51767
4.21841
4.19592
4.49561
4.78235
3.79889
4.01472
4.36017
4.48213
4.26237
4.1538
4.08376
3.90762
4.33975
4.18827
4.24084
4.35257
4.24705
3.98172
4.37222
4.23905
3.93405
4.04006
4.44482
4.31346
4.15088
4.43553
4.14503
3.77742
4.00861
4.3267
4.2401
4.37418
4.27942
4.18655
4.25713
4.16102
4.13341
4.18648
4.82631
3.96797
4.27558
4.34873
4.5043
3.89309
4.28715
4.20898
4.50828
4.56393
4.19733
3.77479
4.21087
3.92555
4.09596
4.28302
4.5198
4.45689
4.0302
4.25142
4.51945
4.19412
3.96019
4.32182
4.36025
4.50851
4.08096
4.18925
4.29308
4.29816
4.02953
4.50263
3.65646
4.14286
3.90261
3.82788
3.74127
3.89142
3.87161
3.61017
3.63484
4.0538
4.29154
3.95744
4.03273
4.19898
4.42891
4.2185
3.82109
3.57211
3.91439
3.49942
4.10087
4.13563
4.05392
3.97643
3.79413
3.6645
3.87525
4.03651
3.18505
3.87563
4.12694
4.055
3.99165
3.64474
3.64937
4.41289
4.13672
3.96789
4.1682
3.86747
4.44552
4.42376
3.83874
4.52166
4.25004
3.9416
4.36244
4.32062
4.31644
4.18399
4.21739
4.40653
4.52391
4.40003
3.91602
4.35979
3.88892
4.34256
4.43075
4.13898
4.119
4.27435
3.83084
4.10684
4.3202
3.72722
4.40829
4.33491
4.46577
4.18066
4.14381
4.46566
4.34401
3.9777
4.19486
4.41925
3.70368
3.79564
4.30023
4.26218
4.05741
4.32215
4.13643
3.83404
4.34239
3.96637
4.17342
4.08634
4.25425
4.45274
3.90147
3.66152
4.18158
4.10631
4.09375
4.37042
4.27151
4.06381
4.47577
4.14304
4.03867
4.16944
4.34002
4.05957
4.58633
3.8506
3.95814
4.0829
4.05739
4.26631
4.02294
4.2043
4.06583
3.90128
4.39108
4.09178
3.96125
4.54434
4.30702
3.97295
4.07449
4.36056
4.36042
3.93048
4.31774
4.2194
3.83023
3.74482
3.98846
4.14895
4.05191
4.36704
4.2651
4.40694
4.21478
3.89411
3.88525
4.25428
4.4249
4.39818
4.22637
4.24813
4.0527
4.08882
4.05054
4.1074
3.89819
4.14689
3.54701
3.74245
3.91638
3.87181
4.10621
3.74886
3.67296
4.22742
3.81144
4.32192
4.01049
3.77493
4.09833
3.98295
3.88481
3.38606
4.2988
4.02859
4.10159
4.05712
3.91146
4.10998
3.91804
4.32872
4.06322
4.12681
4.12707
3.87869
3.98243
4.14355
3.98145
4.12361
4.38575
4.19298
4.1618
4.22526
4.41487
4.4342
4.16146
4.00468
4.30851
4.07211
4.01863
4.03587
3.98303
4.39755
3.88087
4.01678
4.02852
4.48796
4.40519
4.5273
4.13672
4.39848
4.01403
3.95408
4.30457
4.16145
4.30879
4.48145
3.61728
4.08913
4.0103
4.24427
3.92639
4.30448
3.99845
3.86967
4.37274
4.16694
3.94936
3.97303
4.19345
4.02807
4.00765
3.93225
4.09423
3.73733
3.86989
4.52499
3.74498
4.39563
3.88166
4.2005
3.87626
4.16359
4.31067
3.83385
3.83797
4.42
3.92198
3.81656
3.70516
3.96625
3.93393
3.9759
4.20991
4.09524
4.09255
4.13798
4.31918
4.08522
4.31802
4.09076
4.19858
4.15838
3.92153
3.80943
3.7748
3.80704
4.17692
3.85989
3.86632
4.45294
3.80662
4.1745
4.17784
4.29554
3.6625
3.94111
3.97711
4.32085
4.22587
4.07634
4.00159
4.39686
4.69877
3.86119
3.93724
4.01288
4.04189
4.00192
4.24567
4.22377
4.30169
3.8357
3.88926
3.99027
3.70645
3.78192
3.85045
3.81199
4.05057
4.53969
4.26147
4.18309
4.07999
3.80011
4.18267
4.24161
4.18602
3.997
4.05466
3.96911
3.70057
4.2406
4.19351
4.01272
4.21586
4.17685
3.86654
4.13907
4.15696
4.13025
4.23332
4.03271
4.19057
4.06386
3.64784
3.83155
4.11134
4.01281
4.04415
4.02989
3.72501
4.18396
3.9764
3.77237
4.3507
4.34771
3.74525
3.71882
4.14468
3.64467
4.25907
3.81295
4.32244
4.61716
4.36367
4.0664
4.58792
4.41977
4.57002
4.39667
4.25256
4.32655
4.40872
4.25179
3.95688
4.47635
4.13592
4.46465
4.32143
3.98335
4.57212
3.70904
4.64912
4.48403
4.46196
4.42847
4.12383
4.31483
3.93627
4.33882
3.79073
3.98588
4.0811
4.37241
4.08215
4.07152
3.93646
3.96605
3.75608
4.06024
4.02395
4.11745
4.30241
3.87456
3.97403
3.76867
4.30358
4.08537
3.85717
3.97292
4.11316
3.89634
4.17475
3.7128
4.01806
4.15893
4.14111
3.89983
4.00652
4.6709
4.40344
4.03577
4.21759
3.92739
3.34395
3.70254
4.12341
4.33946
4.05022
4.11758
4.12862
4.05461
3.83363
4.33192
3.75893
4.39488
4.30567
3.94705
4.05119
3.77843
3.87933
4.30559
4.32152
3.84417
4.48917
3.97202
4.08043
4.01394
4.24637
4.32434
4.39873
4.34698
4.34548
4.27112
4.63766
3.78651
4.52402
4.17759
4.07717
4.35041
4.115
4.43157
4.06439
4.1589
4.36403
4.21204
4.31815
4.2413
4.05224
4.46634
4.36031
4.12056
4.44894
4.05866
3.94745
4.24302
4.44892
4.43229
4.55874
4.17639
4.15253
4.12834
4.16657
4.32907
4.55581
4.4562
4.37054
4.1592
4.11403
4.09498
3.88163
4.2902
4.32227
4.44692
3.63704
4.21127
4.17638
3.81953
3.76297
3.94358
4.28245
4.12519
4.16837
3.80908
4.33791
3.97172
3.78975
4.52545
4.47592
3.45255
3.95881
3.95833
3.77813
3.76183
4.13053
4.03396
4.13892
3.43375
3.7569
4.05808
3.8036
3.85375
4.33157
3.95624
3.83257
3.92303
3.58229
3.88702
3.81816
4.30167
4.24142
3.96642
4.00136
4.03351
3.82043
3.96766
4.14278
4.15756
4.00921
4.02017
3.76621
4.45261
4.03853
4.26873
4.12994
4.4791
3.97109
4.37601
4.53003
3.90548
4.75447
4.48204
4.53604
4.3186
4.20632
4.28924
3.86161
4.12264
4.49837
4.09171
4.63911
4.40895
4.11936
4.52093
4.19845
4.36957
4.07681
4.48962
4.42427
4.31972
4.36566
4.35766
3.94174
4.28114
4.27102
4.0389
3.6934
4.00538
3.79858
3.85197
4.61009
4.10016
4.40677
4.50331
4.29133
4.33314
4.0759
4.13369
4.24816
4.13845
4.23443
4.40592
4.23464
4.1024
4.04775
4.31643
3.92265
3.30234
4.36916
4.28164
4.22048
4.22854
4.26844
4.04815
3.95439
4.0714
4.21042
4.31035
4.21246
3.69348
4.2056
4.14618
3.38059
3.63124
3.88273
4.00233
3.79842
3.891
4.21084
3.98383
4.1913
4.15671
4.16068
3.79274
4.26198
4.0422
4.4051
4.51004
4.18417
3.84956
3.53441
3.92412
3.94689
3.74453
3.91122
4.03071
4.13632
3.94675
4.27527
3.94684
4.13114
3.87726
4.04566
4.03446
3.93776
3.78997
4.01438
3.84403
3.63287
4.20152
3.98071
3.4406
3.94643
4.0962
3.87085
4.21868
4.28567
4.15025
4.0742
3.75395
3.76787
3.84624
4.16876
3.92974
3.95489
3.80791
4.28288
4.1012
3.98599
4.12463
4.50391
3.91324
4.03537
4.29319
3.72837
4.33917
4.15313
4.1811
4.06977
4.20207
4.14989
4.08841
4.27287
4.1936
4.16605
4.12233
3.7756
4.13645
4.40412
4.36283
4.09355
4.41898
4.4484
4.191
4.49016
4.40006
4.73165
4.44113
4.26531
4.20716
4.17797
3.99756
4.0785
4.47563
3.97931
4.48619
4.21944
3.71429
4.42843
4.12237
3.90417
4.00431
4.08594
4.16779
4.1077
4.07846
4.40359
4.28249
4.41721
4.0945
4.11767
4.23589
4.33833
4.10466
4.29857
4.81056
3.89191
4.01164
3.9628
4.34458
3.7938
3.91161
4.2367
4.5275
4.47162
4.25662
4.20584
4.04345
4.07447
4.27205
4.37094
4.06867
3.98008
4.11506
3.50883
4.2236
4.06827
4.19631
3.9354
3.72801
3.9704
4.27595
4.51251
3.98876
4.21795
4.12448
4.32731
4.40083
4.05003
4.01248
4.30688
4.17731
3.43235
4.05085
3.86033
4.21545
