9.1664
8.79635
8.89556
9.09034
9.63795
9.09923
9.1525
8.9888
9.0728
8.97238
9.64583
9.23063
9.44173
9.02212
9.08936
8.9751
8.83002
9.15642
9.18204
9.00002
8.89313
9.01362
9.19793
9.02083
9.00451
9.04905
8.65708
9.40223
9.0692
9.04832
9.15998
9.88856
9.18119
9.37934
9.34544
9.31678
8.95519
9.2937
8.7163
9.53874
8.73085
9.07687
8.9598
9.30605
8.93269
9.00938
9.31696
9.56984
9.39662
9.56029
9.06175
9.46691
9.03218
9.13502
9.11975
9.26951
9.30753
9.6142
9.3552
8.94297
8.93541
9.05285
9.42181
9.1657
8.90162
9.45273
9.16171
9.20201
9.11985
9.21866
9.10341
9.33746
9.61133
9.16001
9.55304
9.04236
9.16527
9.41122
8.85032
9.52714
9.21275
9.4019
9.07301
9.7687
9.061
9.32054
8.9839
9.17054
9.05204
8.87183
9.48372
8.96262
8.67636
9.41548
9.08911
8.93081
9.0545
9.22773
9.02481
9.27253
8.71887
9.35304
9.27306
9.22042
8.93365
8.78941
9.26754
9.12316
9.29958
8.59835
9.23069
9.42296
9.19843
9.14529
9.04276
9.39612
9.23025
9.40366
8.95013
9.43686
8.83502
8.90031
9.0122
9.01449
9.04709
9.34353
8.82064
9.18403
9.46271
9.59888
8.87128
9.55169
8.72933
9.18937
9.07322
9.05762
9.38224
9.31706
8.46164
8.83497
8.99547
9.4911
8.9765
8.83816
9.52922
8.61783
9.27096
9.0481
8.85981
9.39822
8.81288
9.16807
9.00894
9.25712
9.61794
9.32291
9.17123
9.042
8.74738
9.63554
9.45762
9.22655
9.15142
9.07717
9.61247
9.14725
9.02426
9.21475
9.05117
9.16077
9.24461
9.54674
9.54926
9.13595
8.71571
9.36114
8.833
8.91333
9.29427
9.08191
9.30464
9.32932
8.88969
8.95243
8.87357
9.52581
9.11094
9.70959
9.27025
8.86944
8.5905
9.31336
8.86264
9.07724
9.1407
9.07259
9.24819
8.69357
9.01805
9.47297
8.93144
9.13629
8.93213
8.55228
8.61635
9.29135
8.78394
9.0454
8.94194
9.20284
9.09658
9.12406
8.72907
9.16882
9.43264
8.87884
8.76393
8.8121
9.2127
8.69951
9.1797
8.87313
9.06987
8.74031
9.27442
9.14756
9.48956
8.87852
8.88787
8.99164
8.84155
8.45404
9.0824
8.92433
9.53624
8.70153
8.86394
9.11654
9.02946
9.18497
8.86899
8.77485
8.90478
8.29701
9.35
9.07366
8.83424
9.16829
8.88066
9.1078
9.03404
9.31497
9.26459
8.9698
9.07005
8.70536
8.67849
9.21794
8.86583
9.08286
9.55623
9.09842
8.74021
8.95072
8.88062
9.02346
9.08614
9.2
9.05882
8.87752
9.40034
8.93086
9.03836
8.84255
9.10976
9.13828
9.33784
8.63362
9.10821
8.92479
8.86837
8.90025
9.13516
9.00505
9.32567
8.94044
8.84838
8.87826
9.42226
9.07582
8.75838
8.62328
8.99331
8.81605
9.32941
9.2304
9.01537
9.35275
9.28081
8.66054
8.94807
9.03528
9.01011
9.23455
9.33609
9.20843
9.33477
9.02601
9.47191
9.00756
9.37923
8.99404
8.9163
9.21204
9.04729
9.21088
9.08152
8.96658
8.95829
9.21595
9.20718
9.26863
9.53428
9.06985
9.36574
9.11688
9.13351
8.82061
8.69772
9.13099
9.16479
8.91496
9.15206
9.31778
9.07845
9.16233
8.83491
9.23478
9.02151
8.81604
9.10316
9.20056
9.50657
9.09843
9.17291
9.4865
9.08797
9.17612
9.03715
8.98804
9.03189
8.9478
9.0715
9.07823
9.11444
9.12014
9.33225
9.12054
8.57168
8.96761
9.21391
9.34336
9.07836
9.01253
9.11526
9.22024
9.45892
9.21996
9.40639
8.85889
9.0201
9.32875
9.19378
9.11296
9.29111
9.12302
9.29889
8.8671
9.50672
8.89879
9.25057
8.97613
8.98428
8.76031
9.52636
9.04194
8.88497
9.27622
9.01028
9.06338
9.00924
8.88119
9.06724
9.30701
9.15112
9.01461
9.15724
8.86279
9.39933
9.12595
9.20518
8.9317
8.98033
9.34688
9.5958
9.60982
9.17809
9.3659
9.39831
9.51101
9.00552
9.16124
9.22276
8.62069
9.17286
8.83671
9.52807
9.50458
8.82435
9.29538
9.35692
9.08147
8.88775
9.21453
8.86903
9.25764
8.97874
9.25597
8.79504
9.19787
8.95558
8.77943
8.99659
8.99109
9.04195
9.14593
8.67131
8.61134
9.18818
9.39165
9.54877
9.12796
9.42566
8.91009
8.92138
8.988
8.99864
8.84636
8.9585
9.22659
8.74088
8.92561
9.38086
9.19892
9.08112
9.38643
8.99523
9.36289
9.26203
8.69075
9.20486
9.09291
9.39438
9.28332
9.4895
8.90676
9.27366
9.12874
8.9915
9.61341
9.06146
9.01431
9.08532
8.92928
9.11402
9.12023
9.29275
8.91133
9.07176
9.01313
8.9809
9.11782
8.73533
9.03869
8.97488
9.53481
9.15581
9.29356
9.61333
9.21887
9.59712
9.3225
9.26207
9.87088
9.16618
9.57813
9.60542
9.5579
9.84118
9.71268
9.48874
9.72399
9.6388
9.27569
9.10605
9.66622
9.21649
9.30777
9.71061
9.35646
9.66865
9.92964
9.22787
9.53394
9.28299
8.77044
9.17847
9.21168
9.46867
9.50055
8.89539
9.08218
9.57171
9.11324
9.08233
9.31665
9.08103
9.57733
9.50556
9.18878
9.30887
9.3317
9.88169
9.43999
9.3937
9.2249
8.64302
9.32243
9.05665
9.16476
9.25741
9.60877
9.36283
9.4938
9.23051
9.6068
9.72116
9.67716
9.2289
9.24433
9.52292
9.66964
9.18225
9.17553
9.27557
9.24945
9.74467
9.5468
9.05534
9.38138
9.194
9.00019
8.96021
9.58022
9.39016
9.64117
9.14695
9.50178
9.5512
9.08199
9.09474
9.76211
9.74433
9.52445
9.27107
9.45861
9.32108
9.38938
9.41215
9.47591
9.2355
9.05932
8.94648
9.4034
9.01616
9.13209
9.17152
9.13091
8.94941
8.9863
9.19422
8.32774
9.13374
9.11118
9.16176
8.71124
8.91316
8.78229
8.98602
9.106
8.81937
8.94339
8.86554
8.94428
9.6624
9.40273
9.1594
9.21133
8.96478
9.27738
9.36275
8.73573
9.02006
8.7056
8.92472
8.73521
8.54367
8.87788
8.85395
9.04527
8.9305
8.67831
9.35462
9.25853
8.95912
9.13837
8.73858
9.05623
9.10872
8.9555
9.46251
8.89425
9.26844
9.09914
9.12118
9.21317
9.23169
8.87698
8.93841
9.27951
9.05276
8.79435
9.07886
8.73569
8.91013
9.58544
9.10093
9.02168
9.23817
9.07749
9.23296
8.92687
8.84342
8.98107
9.25691
8.39447
9.11634
9.3226
9.06222
8.66373
9.22059
9.06972
9.21836
9.27316
9.02554
8.96325
9.37223
9.02671
9.03014
9.12271
9.00557
8.51905
9.13514
8.90761
8.97752
9.46852
9.07672
9.35264
9.41103
9.13547
9.04921
9.07611
8.86371
9.66323
9.48575
9.06943
9.23626
8.87247
8.62735
8.85953
9.07784
9.0915
9.4052
9.02889
9.00349
9.41728
9.22911
8.80103
9.39795
8.75901
9.24416
9.17993
9.01022
8.72173
9.28386
8.97114
8.92764
8.95147
9.01449
8.92355
8.84667
9.43287
9.4477
9.09221
9.13775
8.78903
8.94301
8.9907
9.33207
9.13555
9.21404
9.44234
9.25292
8.94295
9.46736
9.14156
9.04521
8.96727
8.82934
8.55222
9.27434
8.84575
8.73109
9.49827
9.13348
9.18656
9.72325
9.10984
8.73315
9.33127
9.43057
9.16794
9.13142
9.09102
9.21293
9.50163
9.15944
8.91015
9.19606
9.21418
9.32784
9.37725
8.75543
8.8733
9.10075
9.27913
9.42053
8.78259
9.2092
9.04276
8.88477
9.29259
9.27905
9.1731
9.08972
8.76939
8.87474
8.80832
9.1161
9.56477
9.19548
9.18075
8.53473
8.80928
9.70411
9.02237
8.77154
8.83059
8.78202
8.92957
8.8321
9.4851
8.91442
8.87305
9.07668
9.00215
8.94771
9.46913
8.91772
9.05637
8.89176
8.99745
9.0452
8.90675
8.48206
9.30686
9.27217
8.95807
9.13365
8.90764
8.90342
8.95099
9.13664
9.35826
8.78624
9.0121
8.64281
9.23492
8.88452
9.08179
9.08807
8.93769
9.43489
9.28295
8.98185
9.49686
8.78923
9.15392
9.09866
9.03775
9.002
8.8951
9.22342
8.994
8.68219
9.0183
9.04417
9.21755
9.08063
8.82953
9.24077
9.31932
8.80167
9.10726
8.6855
8.88269
9.23415
9.1819
8.57667
9.31324
9.00226
9.3032
8.99869
9.00293
9.36335
9.27223
9.12675
8.98297
8.88281
9.11447
9.11382
9.09577
9.04834
9.28156
9.08436
8.87901
9.30079
8.74245
9.08073
9.09583
9.37894
9.39703
8.75979
9.29593
8.92883
9.26257
8.80666
9.48136
9.0762
9.2087
9.2596
9.23798
8.84682
9.02917
8.94075
9.16589
9.26953
9.08543
8.97858
8.89905
9.10051
8.61022
8.98897
9.08466
8.60229
9.67612
9.10927
8.78381
9.23275
9.19469
8.95006
9.20521
9.0943
9.39084
8.96102
9.42408
9.32904
9.0631
9.4669
9.25069
9.29963
9.13613
9.24117
9.42107
9.15638
9.23042
9.4684
9.16983
9.02115
8.9995
8.77701
9.60668
9.21366
8.93508
9.38524
9.14687
9.2248
9.01897
9.33763
9.09797
9.48192
8.71495
9.02592
9.19716
8.92445
9.05303
8.92247
9.23626
9.04745
8.89107
8.92942
9.24951
9.1665
8.82903
9.09633
9.15026
9.25774
8.99095
8.94966
9.15701
9.26075
8.92162
8.57083
9.2799
9.16001
8.9972
8.73889
9.0756
8.91835
9.01148
8.81878
9.25932
9.13253
8.82738
9.63735
8.92453
9.05005
8.98196
9.12356
8.69704
9.47756
9.11408
8.81652
8.5504
8.69994
9.37521
9.43936
8.80701
9.05784
8.94616
9.11717
8.76456
8.91542
8.70198
9.32137
8.94648
8.745
8.95644
9.17609
8.5117
8.71037
8.90603
9.14171
8.71333
9.26006
8.84796
9.09753
9.44996
9.29427
9.27535
9.10981
9.058
9.42708
8.82597
9.28101
8.8516
9.16935
9.17909
9.31129
8.41174
9.5192
9.45392
8.96397
9.10655
9.31668
9.12204
9.06975
9.15261
8.93266
9.47364
9.15099
9.29126
9.1565
8.91619
9.11608
8.96953
8.67859
9.14701
9.12947
9.32127
9.17637
9.25059
9.13638
8.84233
9.0274
9.04901
8.85046
8.82406
9.12943
9.00282
9.32553
8.89196
9.52169
9.34973
9.02181
9.52145
9.91606
9.10582
9.61882
9.38153
9.55425
9.22761
9.5039
8.94683
9.11255
9.49681
9.21036
9.25776
9.59646
9.24038
8.8602
9.28778
8.93634
9.18801
9.39694
9.09819
9.20922
9.23924
9.24881
9.02155
8.71964
9.0102
9.03651
9.16254
9.49093
9.49118
9.32755
9.32787
8.95284
9.46821
9.37405
9.40099
9.28987
8.9535
8.90246
9.42566
9.0763
9.53278
9.07344
9.49194
9.211
9.29004
9.4614
8.93594
9.47574
9.20613
9.36325
9.25987
9.57847
9.54708
8.8661
9.22321
9.23325
9.44887
9.46463
9.24767
9.11507
9.08807
9.46818
9.54384
9.03636
9.12382
9.22745
9.3763
9.36775
9.23085
9.01413
9.0161
9.57956
9.28823
9.30922
9.36141
9.16169
9.45525
9.1219
9.14017
8.64441
8.984
9.09811
9.55288
9.41102
9.22068
8.57106
9.01372
9.05986
9.10401
8.74842
8.96108
8.83698
9.19865
9.2523
9.25917
8.85161
8.8396
8.59657
9.28405
9.04939
8.79308
8.93629
8.61629
9.04899
9.04622
9.07143
9.33159
9.0062
8.83972
8.77977
8.95813
8.75239
9.2442
8.57779
8.69879
8.91489
8.83515
8.80472
8.72326
9.04198
8.98079
8.86447
8.85562
8.95698
8.58311
8.95271
9.22758
9.05564
9.18056
9.36425
9.09928
8.71001
8.84426
8.84307
8.94692
8.93032
8.81416
8.66149
8.92625
9.09251
8.85934
9.18987
8.94677
8.70793
8.84038
9.3334
9.04361
9.31869
9.11419
9.19963
9.01003
8.60271
8.98487
9.10387
8.93157
8.90008
9.14753
8.61854
8.93295
9.10556
9.02421
8.76595
9.07545
9.26137
9.09407
8.6811
8.77755
8.7894
8.98693
8.69063
9.37122
9.13902
9.24948
9.27494
9.09752
8.9841
9.16329
9.22559
9.45168
9.44954
9.02941
9.0087
9.3323
8.91442
9.76973
9.38323
9.07898
8.92179
9.64843
9.27953
9.25697
9.15339
9.18896
8.77704
8.81127
8.94589
9.19359
9.16924
9.61479
8.99059
8.59142
8.91007
8.90956
8.85124
9.0758
9.40111
9.90059
8.95845
9.2371
9.19384
9.19605
9.43685
9.16507
9.30585
9.12883
9.3785
9.09328
8.87789
9.13828
9.20407
8.7733
9.11007
8.85998
9.05189
9.01541
9.14858
9.08161
9.24595
9.00933
9.25586
8.92341
8.97733
8.83966
9.2137
9.09397
9.06177
9.24887
9.23102
9.05083
9.02386
9.04013
9.08307
9.4495
8.71903
9.01107
9.25533
9.04328
8.84586
9.1417
9.22445
8.91848
8.89063
8.91513
9.26662
8.6916
9.53822
9.37661
9.19746
9.40523
9.27013
9.10051
8.70205
9.25142
9.58361
8.91426
9.17599
9.57455
9.26755
9.67507
9.19306
9.15282
8.91861
9.38938
9.13038
9.68605
9.62687
9.08662
9.41985
9.42047
8.95613
9.43298
9.43826
9.60738
9.49536
9.5241
9.22687
9.15459
9.38564
9.47086
8.99671
9.7478
9.44651
9.20243
9.32338
9.04671
9.65292
9.74377
9.1236
9.21048
9.47427
9.12168
9.50275
9.19971
9.5655
8.95834
9.1621
9.09776
9.04881
8.60658
9.35278
9.53589
9.00651
9.39366
9.0354
8.90062
9.21938
9.68326
9.66078
9.61394
9.38009
9.65416
9.32162
9.50233
9.3366
9.42211
9.14671
9.26575
9.59732
9.54473
9.54271
9.26281
9.58235
9.15027
9.14087
9.30116
9.28368
9.21983
9.453
9.20201
9.58413
9.18112
9.27307
9.21448
9.61434
8.87837
9.13131
9.3385
9.89515
8.97859
9.40507
9.4004
9.27183
8.87837
9.00972
8.99757
9.18238
9.12759
8.76182
9.13559
9.24809
9.18287
9.05467
8.98083
9.08203
8.81412
8.63535
8.99101
9.30499
8.94725
8.91888
8.82581
9.26488
8.94619
9.06836
9.21569
9.17738
8.77899
9.40956
9.22812
8.96424
9.37488
9.07651
9.12044
9.14917
9.07839
9.06832
9.24922
9.14287
8.54517
9.5208
8.94757
9.23665
9.17704
9.31171
9.42653
9.43285
9.24087
9.26468
8.98612
9.44833
9.03543
8.95389
9.3686
9.26858
8.98833
9.19944
9.44561
9.00089
9.47651
9.12435
8.87317
9.17791
8.84023
9.34845
9.17067
9.50735
9.17022
9.22061
9.27825
9.13984
8.88794
9.06122
9.27711
8.8529
9.03707
8.85139
9.20344
9.55865
9.56556
8.87537
9.12248
9.05907
9.02636
9.22069
9.05952
9.26935
9.07079
9.12541
9.23693
8.89449
9.2644
9.00087
9.38365
8.86554
8.91681
8.93345
8.58148
9.09531
9.19014
8.92204
8.96002
8.75501
9.07195
9.13028
9.24585
9.06044
9.19954
9.4434
9.46484
8.96473
9.16792
8.95505
8.98745
9.11452
9.36046
9.59282
9.40591
9.03703
9.47389
9.11501
8.82525
9.3174
8.95704
9.05837
9.01561
9.10797
8.75696
9.3617
8.95812
9.32883
9.5571
9.26854
9.30964
9.28053
9.1972
9.4079
9.50546
9.07379
9.40397
9.04681
9.2148
9.24001
9.62376
9.39497
9.44789
9.1418
9.66231
9.24074
8.99734
9.12002
9.11802
9.3715
8.96957
9.25355
9.33804
8.78516
9.66368
8.77359
9.66309
9.2819
8.79885
9.11971
9.07686
8.98215
9.04032
9.08787
9.13002
8.99602
9.31048
8.96135
8.53005
9.2635
8.75156
8.74345
9.15107
8.7559
9.3067
8.77631
8.99188
9.26064
9.02427
8.63394
9.29312
9.22371
8.88197
8.6481
8.9232
8.77134
9.2125
8.89476
9.30613
8.88023
9.74587
8.7917
9.21236
9.45887
9.07964
8.8759
8.907
9.1382
9.0093
8.92054
9.245
8.71475
9.0867
8.70641
8.99654
8.80432
8.97907
9.01315
9.012
8.84846
9.21272
8.96807
9.26084
9.2383
8.7311
9.17621
8.87857
8.75364
8.84045
8.64261
9.00292
9.05251
9.09666
9.03397
8.75576
8.86322
8.93719
8.8994
9.0287
8.76884
9.19361
9.49842
9.17238
9.11357
9.53932
9.06304
8.84048
8.5538
9.35787
9.082
9.09501
9.03637
8.86356
9.09327
9.24568
8.92175
9.33782
8.92888
8.6475
8.98125
9.08103
9.08486
9.34393
9.16857
9.01607
9.03446
8.46646
9.37741
8.92448
9.1068
8.64214
9.42007
9.15929
8.98933
8.85022
9.14155
8.762
9.26204
8.8299
9.26217
9.13942
9.28531
9.34287
9.1914
9.26651
8.73127
8.9077
9.47272
9.05535
9.23672
9.10029
9.20642
9.11106
8.88283
8.93549
8.72292
9.01704
9.28615
9.6509
9.24921
9.13835
9.12457
9.18293
9.27091
9.18372
9.11052
9.19697
9.50075
8.92174
9.4061
8.98801
9.04198
9.12424
8.8871
9.2652
9.29569
9.39495
9.37678
9.27759
9.11718
8.73903
9.11059
9.22164
9.17737
9.05533
9.34733
9.15227
8.90998
9.24093
9.17969
8.82415
9.26019
8.99166
9.60457
9.09005
9.21477
9.23202
9.23516
9.13474
8.91876
8.97574
8.86736
9.28034
9.60785
9.08784
8.81723
8.86577
9.11802
8.94619
9.06601
9.28888
9.44246
8.92561
8.99125
9.16721
8.73211
9.0655
9.41014
9.61308
8.9523
9.19454
9.37145
9.14099
9.01519
9.12918
9.19025
9.29915
9.56083
9.10306
9.3428
9.06036
9.06382
9.08895
9.14108
9.0136
9.1487
9.01714
9.29519
9.34591
9.22801
9.39018
8.85143
8.96132
8.9547
9.42176
9.54911
9.33167
9.01536
9.25494
9.74192
9.17365
9.15948
9.34139
8.95645
8.90393
9.28913
8.99633
9.25155
9.22979
8.90611
8.93538
9.19237
8.91495
9.0445
9.11796
9.27414
8.90998
9.27116
9.09093
9.27166
9.32764
9.42517
9.19018
9.21441
9.08639
9.68283
9.53325
9.16526
9.5724
9.36467
9.09814
9.76495
9.72129
9.19729
9.58604
9.09292
9.23067
8.87538
9.54395
9.07434
9.5642
9.01641
9.37775
9.3573
9.34571
9.28388
8.92562
9.14002
9.46408
9.46114
9.35763
9.33179
9.38576
9.49608
9.63653
9.53165
9.30904
9.67669
9.43541
9.44635
9.55583
9.32502
9.12925
9.07244
9.30806
9.20635
8.97235
9.15299
9.23473
9.70689
9.22392
9.41788
9.3135
9.90841
9.09119
9.4971
9.34254
9.21231
9.68239
8.8487
9.16823
9.52409
9.31474
9.30276
9.36241
9.0017
9.55855
9.48886
9.22626
9.34067
9.45422
9.25057
9.1839
9.06895
9.20544
9.11003
9.17002
9.28301
9.51406
9.31426
8.68188
8.98237
9.09273
8.97194
9.06643
8.97348
9.15675
9.01341
9.0752
9.76086
9.27587
8.65098
8.96473
8.31548
9.00844
8.93803
8.8025
8.88605
9.23842
8.88248
9.41229
8.85254
9.08755
8.96598
9.17313
9.56983
8.90348
8.76271
9.55362
9.11981
8.82941
9.25584
8.92699
9.15803
8.96799
9.05318
8.75608
8.62927
8.8565
8.8216
9.15074
9.02833
9.04655
9.00754
9.07023
9.25053
8.83584
8.91379
9.1151
8.86948
9.16429
9.3016
8.85363
9.17275
9.06253
8.89378
9.01857
8.9966
9.31789
9.18372
9.26836
9.01815
9.19009
9.245
9.6646
9.17636
9.18079
9.12051
9.21055
9.6146
8.96604
8.55018
8.94457
9.11554
9.03236
8.86667
8.82656
8.91716
8.76477
8.72256
9.12744
9.05558
9.18683
9.2031
8.96806
9.14456
9.23061
9.79064
8.97489
9.15233
8.87226
8.99591
8.86034
9.38032
9.00776
9.1101
8.99095
8.79415
9.26026
9.08418
9.52448
9.1338
9.35632
9.33651
8.71021
9.13841
9.13653
8.745
8.98474
8.98249
8.98003
8.92797
9.34738
9.45296
9.11508
9.21832
8.71691
8.8381
8.80346
9.02357
8.84427
9.26995
9.37048
8.92161
9.25843
9.13862
9.13139
9.18751
9.10097
9.07009
8.90798
9.03533
9.05576
9.12942
9.23887
9.00303
9.14333
9.29128
8.95286
8.9291
9.27547
9.30182
9.27836
9.27218
8.88292
9.18728
9.25875
9.41341
8.44767
9.1503
8.92324
9.07352
9.13456
9.07405
9.17821
8.8339
9.09673
9.24402
9.00043
9.43344
9.00762
9.50978
9.00859
9.17273
9.00796
9.34275
8.91332
8.90868
9.09777
9.12465
8.86913
9.52706
8.75063
9.09033
9.0865
8.93324
8.95598
8.78683
8.99125
9.23125
9.22612
9.1597
8.98659
8.9184
9.48174
9.1499
9.11043
8.97619
9.45379
9.20357
9.24726
9.13647
8.90416
9.23243
9.31119
9.0311
8.96587
9.18063
9.175
8.99797
9.11211
8.58198
8.75016
8.93446
9.24181
9.26738
9.27876
9.25332
9.24628
9.25355
8.72868
8.90297
9.28644
9.15992
8.92797
8.83155
9.33975
9.09388
9.03077
8.92526
8.92868
9.29581
9.23865
8.97304
8.58532
9.34779
9.05336
9.25185
9.18135
9.22298
9.10221
9.20466
8.85263
9.1425
8.9433
8.98742
8.91169
9.29868
9.21573
8.99457
9.43617
8.62846
8.87351
8.74219
9.27941
8.92581
9.62749
8.35153
9.16024
9.22981
8.95596
8.7321
8.84307
8.75153
9.26849
9.22354
8.66618
8.90624
9.1397
9.06313
9.153
8.83737
9.28454
8.92771
8.76173
9.40227
9.3081
8.82756
8.94723
9.0157
8.80761
9.35519
9.01279
9.41047
8.82701
9.02945
8.80238
8.70777
9.19145
9.16362
9.11827
8.95807
9.48339
8.74014
9.05722
8.90998
8.71602
8.977
9.21867
8.64464
9.17418
9.16802
9.37783
8.64558
9.19317
8.89518
9.26532
8.99117
9.07676
9.00282
9.03025
8.47696
9.00149
9.01434
9.10159
8.85975
8.76027
9.10586
8.95155
9.07561
8.93012
9.1677
9.4843
8.92609
9.34427
9.03719
9.03416
9.09421
8.88584
8.50135
9.48727
8.79572
8.67812
8.71191
8.77716
8.97789
8.92766
9.13186
9.19801
8.80038
9.35626
9.29684
8.73229
9.0769
9.15422
9.21991
9.45678
9.24904
9.18943
9.06588
9.34749
9.00542
9.23625
9.05023
9.21601
8.60342
9.43978
9.3035
9.13487
9.16593
8.79755
8.98343
9.17553
9.1075
8.68385
9.30574
8.83683
8.9005
9.20881
8.6911
8.75514
9.06153
9.01686
9.08497
9.12102
8.68413
9.66434
8.84078
8.86176
8.7661
8.96193
9.38831
9.09466
8.83905
8.94151
8.6721
9.04986
9.21447
9.41528
9.12796
9.35767
9.26323
9.10644
9.29717
9.2962
9.13202
9.09449
9.61708
8.8726
9.00629
9.39588
9.2823
9.20908
9.3622
9.30733
9.21886
8.91635
9.2186
9.09521
8.91856
9.17922
9.17272
9.35949
9.18711
8.97553
9.35003
9.18103
8.87232
9.52055
9.31259
9.33963
9.35181
9.54931
9.27129
9.10904
9.2756
9.16087
8.63984
9.19572
9.22298
9.64686
9.0699
9.25692
9.22699
9.05609
9.29909
9.15201
9.00037
9.63349
9.29245
8.69105
9.55083
9.17005
9.24181
9.51441
9.98842
9.18381
9.48609
9.09959
9.28921
9.00638
9.07949
9.38904
9.07689
9.45295
9.32314
9.02253
9.67325
8.9877
9.31103
9.17481
9.32334
9.31001
8.97802
9.31162
9.23749
9.21818
9.71104
9.01251
9.08538
8.98813
9.12207
8.69684
9.13097
9.12762
9.02417
8.67486
8.84567
9.01877
9.07568
9.09227
9.03722
8.98567
8.86485
9.12604
9.23819
8.89517
9.39837
8.73077
9.08503
8.87579
9.28589
8.88562
9.35624
8.9739
8.98062
8.68703
8.96118
9.21847
9.43838
9.20826
9.39027
9.19164
8.84632
9.24413
8.84131
9.26076
9.10847
9.40487
9.23602
9.39604
8.99842
8.84051
9.59309
8.88859
9.25885
8.75028
8.93678
8.8435
9.30799
8.9919
8.9451
9.02335
8.9578
9.00011
8.94813
9.17881
9.12279
8.85577
9.16465
8.97414
9.32292
8.78344
9.28323
8.77948
8.81771
8.86926
8.95474
9.20135
9.60394
9.03905
9.15475
9.11853
8.82035
9.06655
8.95525
9.28792
8.79568
8.96297
8.77016
8.84918
9.21059
8.79936
9.1829
9.1002
9.29877
9.22078
8.66769
9.10878
9.35055
9.13665
9.22996
8.96271
8.62777
8.93373
9.2862
9.26725
8.66175
9.14394
9.08758
9.32457
9.06927
9.33204
9.03134
8.57702
8.87933
8.99868
8.85135
9.07254
9.13869
8.62125
9.04321
9.19708
9.30945
9.06375
9.12676
8.63066
9.40998
8.79093
9.05595
9.35834
9.09585
8.99808
8.7629
9.3134
8.86468
8.96367
8.9386
8.65558
8.96261
8.66853
9.04977
9.0965
9.11428
9.62434
8.64464
9.29599
9.30054
9.57091
9.14629
9.20958
8.95851
8.92459
9.08382
8.93063
8.66314
9.26205
8.95139
8.71734
8.76222
8.88968
8.98654
8.80699
9.5785
9.13821
9.13313
9.37202
8.92635
8.99201
9.02612
9.15259
8.99984
9.1879
9.35438
8.79906
9.00273
9.18597
8.80642
9.07732
9.37588
8.74662
9.01494
9.27227
9.14677
8.78449
9.44551
9.0444
9.34156
9.27785
9.12369
8.79552
9.31773
8.84854
9.19601
8.97602
9.28828
8.56912
9.38417
8.85933
9.16244
8.82232
9.26803
9.11175
9.25683
8.87718
9.23565
9.03225
9.11775
8.83338
8.9555
8.9039
9.15852
8.77266
9.03809
9.20543
9.07934
9.23129
9.73341
9.08262
9.2638
9.11858
9.04559
9.09255
8.83797
9.05779
9.14835
8.82885
9.3713
8.99026
9.16728
8.86572
8.94572
9.11981
9.15788
8.74687
8.96389
8.74139
8.87178
9.38878
8.68287
9.15757
9.06094
9.62414
9.33618
9.20715
9.41895
8.96132
9.37186
9.04529
9.22475
8.8353
8.70856
9.01264
9.21382
9.07546
8.97794
8.8223
9.2717
9.46376
9.05916
9.11162
9.48994
9.07814
8.81207
8.884
8.89891
9.01267
9.39193
8.83703
9.15014
8.88994
9.73334
8.978
9.21488
9.13569
9.35292
9.53056
9.34575
9.16214
9.27126
8.52674
9.31265
8.85046
9.17307
9.22838
9.39581
9.3672
9.22349
9.35889
9.43276
9.39447
9.57718
9.29461
9.65653
9.02523
9.23419
9.56098
9.04914
9.5236
9.19832
9.28926
9.70158
9.49489
9.37752
9.47122
9.24476
9.57833
9.09089
9.13054
9.29327
9.18196
9.28638
9.14917
9.17511
9.14457
9.52796
9.25885
9.17615
9.14263
9.18117
9.35006
9.38174
9.09838
9.10694
9.45734
9.36365
9.48993
9.30967
9.17374
9.25765
9.2274
9.23905
9.04389
8.91676
9.59619
9.36964
9.4713
8.89011
9.08843
9.46727
9.25974
9.37563
9.4375
8.9169
9.29579
9.52454
9.28553
9.5199
9.23825
9.5706
8.70322
9.68308
9.16409
9.80438
9.05929
8.67375
8.93141
9.12775
9.31175
8.89994
9.46508
9.29505
9.72012
9.16535
9.518
9.05694
9.54656
9.81158
9.46437
9.85444
9.39848
9.4955
9.42952
9.78438
9.33869
9.53928
9.48591
9.71639
9.58812
9.49858
9.70192
9.29617
9.25023
9.2248
9.43554
9.27263
9.2083
9.51062
9.18309
9.11707
9.32877
9.53548
9.5487
9.07619
9.09189
9.52293
9.14221
9.17916
9.51775
9.19013
9.05865
9.64131
9.21315
9.59917
9.32369
9.35502
9.33329
9.24197
9.41406
9.38717
9.20788
9.74656
9.20177
9.49447
9.36712
9.84463
9.57361
9.51924
9.46645
9.21327
9.58648
8.64567
8.86055
9.35808
8.67627
8.57922
9.25922
8.95461
8.9983
8.69537
9.05896
8.93224
9.10904
8.98232
8.87998
8.62843
9.10345
9.12702
8.93201
9.41534
9.38684
9.19129
9.29105
9.23692
9.44115
8.81743
9.08557
8.84079
9.47901
8.93363
9.11331
8.83618
9.25798
9.35476
8.7349
9.21667
9.10051
8.90814
9.27216
8.99268
8.94121
9.58009
9.24685
8.66507
9.24298
8.76467
8.9833
8.93696
9.36251
9.02689
9.15501
8.9996
8.94184
9.00052
9.2947
9.25378
8.95053
9.00791
8.90518
9.17866
9.29156
8.78926
8.99361
9.24455
9.34393
9.40484
8.86131
9.02844
8.99376
9.27604
8.9478
9.34681
9.00823
8.95609
8.99653
8.69628
9.36708
9.06839
9.2294
9.45941
8.96107
8.94174
8.97703
9.21812
8.92983
8.67632
9.11196
9.03421
9.15334
9.182
8.84523
9.67943
9.14917
9.05459
8.74336
9.20629
9.3687
9.08769
9.58313
8.90095
9.27064
9.14469
8.86472
9.33717
9.38789
8.85804
9.2588
9.27346
9.05086
9.18104
9.28206
9.04753
9.32309
9.11154
9.14033
9.26781
8.57735
9.57647
9.06634
8.96508
8.88548
9.47976
9.2649
9.29739
9.26411
9.11825
9.17431
9.11777
9.17556
9.0664
9.01228
8.64597
8.97982
8.64702
8.57706
9.21521
8.85501
8.81422
8.91502
9.08583
8.7429
9.07116
9.30341
9.08327
8.8352
9.0034
9.02075
8.764
9.18255
9.09468
9.26229
8.84214
8.82008
8.74307
9.01773
8.65189
8.63632
8.7556
9.21215
8.93735
9.17157
9.0833
9.32535
8.75416
8.95305
8.86932
8.76103
9.03625
8.83325
8.91177
9.34066
8.98893
8.79391
9.01567
8.94881
8.89622
8.92063
9.07011
8.9582
9.40281
9.09206
9.11992
8.93517
9.12326
9.24506
9.4257
8.95293
8.46094
8.7414
9.00017
8.88151
8.90503
9.23796
8.95642
9.06992
8.84115
9.21863
8.61144
9.18763
8.83879
9.08037
9.09682
8.88735
8.76809
9.14668
8.87113
9.18301
8.73857
8.96008
8.65191
9.18545
9.37213
8.93711
9.49433
9.02419
9.05835
8.83011
8.75061
9.01971
8.95588
9.38445
9.1611
8.92548
8.92814
8.7382
9.34696
8.29553
8.85333
8.83229
8.45989
9.08897
9.12136
9.17349
9.35086
8.9151
9.01892
9.04577
9.0715
9.04293
8.93058
8.88597
9.14103
8.93902
9.00592
8.90993
8.7385
9.04728
9.12813
9.11283
9.03601
9.00897
8.92632
9.10736
8.90284
9.287
9.03991
8.96039
8.75778
8.71944
8.79808
8.94902
8.85083
9.08915
8.9848
9.22304
8.77075
8.5739
9.23995
8.74491
8.89163
8.92866
9.06437
8.9518
8.96755
9.03772
9.1148
9.14393
8.81337
8.95941
8.81654
8.91576
9.11503
8.54499
9.18806
8.51311
9.45083
9.14223
9.09135
9.23478
9.1654
9.20585
9.00079
9.15408
9.21587
9.28134
9.02117
9.15092
9.11944
9.22142
8.82037
8.85106
8.64111
8.66144
9.17392
8.50038
9.1439
8.95669
9.09372
8.93214
8.97014
8.97464
9.46142
8.83574
8.71766
8.9782
8.82709
8.82803
8.82121
8.8677
8.91223
8.62724
9.22527
9.13493
9.26429
9.13772
9.4947
9.07379
8.97632
9.29453
9.49959
9.09695
9.23559
9.08653
9.19929
9.20114
9.29481
8.96698
8.98053
9.09123
8.92782
9.28744
9.18815
8.90322
9.25025
9.26194
9.19238
9.14813
9.38038
9.44418
8.79148
9.2855
9.09685
9.00571
8.99661
9.29524
8.98357
9.33819
9.04388
9.11277
9.30036
8.90412
8.85783
8.86106
9.25138
9.11487
9.21889
9.15752
9.31858
9.02364
9.24707
9.22543
9.2633
9.07477
8.84685
8.80523
9.19934
9.13466
9.24135
8.83684
9.0507
9.14773
9.00418
8.85779
8.67695
8.9605
9.22933
8.27712
8.8891
9.03069
9.35583
8.95374
9.08217
8.71444
8.63175
8.99816
8.95887
8.92703
9.39026
8.8313
8.92663
8.97386
9.09656
8.91324
8.74544
8.9997
9.0519
8.67774
9.40216
9.03278
8.57825
8.94398
8.98559
9.15649
8.95653
9.00842
8.46819
9.17659
8.776
8.99858
9.01206
8.80712
9.05952
8.96826
9.36686
9.16715
9.01581
8.70848
9.17388
8.82219
8.53584
8.7247
9.34446
9.0046
8.96126
8.79426
9.11834
8.88249
8.69973
8.87279
8.90897
9.07254
8.78331
9.14615
9.42339
9.50516
8.94642
8.6537
9.29316
9.33645
9.43861
9.26611
8.67422
9.32566
9.41893
9.17581
9.26325
9.23909
9.41678
9.43942
8.79002
9.3473
8.83593
8.91401
9.10211
9.42026
9.18992
8.93293
9.7121
9.26689
9.07912
9.27223
9.52283
9.40229
9.25406
9.18729
9.28577
9.37543
9.51059
9.46604
9.40036
9.23161
8.87926
9.36107
9.34227
9.33752
9.18343
9.40319
9.40621
9.09332
9.40698
9.19835
9.81845
9.30644
8.99431
9.43931
9.18175
9.51304
9.09606
9.40033
9.34407
8.53156
9.01451
8.86585
8.51532
8.48581
8.86805
8.8931
8.85303
8.77943
8.63634
8.95592
8.62106
8.96025
8.93529
8.68748
8.64863
9.05563
9.1925
8.85851
8.57038
9.14675
9.22686
8.83382
8.90845
8.95106
9.05147
9.08167
9.09784
8.65793
8.72945
9.00782
8.9507
8.93545
9.17344
8.85322
8.97196
9.30136
8.65782
8.77706
8.50846
8.8817
9.18077
9.0859
8.96029
8.73405
8.88713
8.80896
9.22474
9.00346
9.05803
8.99365
8.79048
9.02361
8.57561
9.14183
8.99904
8.81128
9.16955
9.30344
8.91069
8.89407
8.82079
8.82683
8.95735
8.52396
9.13302
9.02433
9.27614
8.98603
8.90376
9.22164
9.19095
8.98026
8.8872
8.93351
8.91925
8.94545
9.07397
9.17731
8.91091
8.83035
9.06651
9.31804
9.16935
9.14788
8.98178
8.76671
9.04822
9.38944
8.81177
9.1824
8.83112
9.02038
9.32939
9.20483
9.03589
8.62121
8.65283
8.77928
9.18334
8.60543
9.07626
8.82589
8.91555
8.96409
9.13655
8.93913
9.02578
8.59555
9.05661
9.13752
8.82337
8.96863
9.08081
9.03993
9.15842
8.70801
8.89935
9.24869
8.91871
9.46437
9.21778
8.77638
9.02683
9.30122
9.11857
8.92079
9.41995
9.58088
9.46082
9.20626
9.36685
9.1815
9.14438
9.05474
9.15043
8.84581
9.05913
9.28927
8.84354
9.36632
8.72433
9.16378
9.02137
9.55683
8.62408
9.2676
9.14571
9.14829
9.2827
9.07894
8.82557
9.27331
9.31579
9.06374
9.04079
9.11097
9.09252
8.4345
9.33443
8.95017
9.34958
8.9494
9.0384
8.88778
9.02382
9.1716
8.90974
9.16998
9.45
8.89596
8.93177
9.18363
9.15232
9.3013
9.195
9.15609
8.93174
8.93645
9.35369
9.2138
9.34301
9.20298
9.20917
9.20862
9.01446
8.939
8.94941
9.55966
8.77223
8.97381
9.34199
9.1847
9.10816
9.0755
9.35878
8.76213
9.10107
9.23747
9.70934
9.04404
9.35198
9.23232
9.20699
9.29388
9.10306
9.46189
9.24298
9.32544
8.8941
8.94064
9.25993
9.03909
9.09023
8.93656
8.84963
9.23066
9.1027
8.72372
9.38584
9.27789
9.21402
9.07308
9.08123
9.29701
9.03868
8.67835
8.91076
8.78644
8.72769
9.14024
8.56847
8.76638
9.10164
8.87946
8.56196
8.80054
8.96277
8.74697
9.29373
9.10217
9.01681
8.76457
9.01426
9.03731
9.16812
9.29738
9.16423
8.64131
8.59857
8.92435
9.08401
9.03764
9.23448
8.81964
9.15713
8.70846
9.08504
9.00884
8.94327
8.80893
9.05114
8.91197
9.06056
9.03741
8.90897
9.17407
8.76435
9.00148
8.47423
8.89772
9.19978
9.05954
8.60752
9.30783
8.86507
8.85685
8.92338
9.07553
8.98551
9.25166
9.2063
9.1528
8.98222
8.44414
8.80664
9.00851
8.86426
8.89738
8.86194
8.51316
8.86426
8.74856
9.23317
8.78551
8.60521
8.86418
9.14347
8.66002
9.06404
9.29699
8.64248
8.90754
8.59271
8.91588
9.06709
9.07278
9.02513
8.81478
9.21597
9.01141
8.99692
9.03096
8.8637
8.72438
8.68486
8.87831
9.03851
8.97445
9.18018
8.79238
9.04477
8.59086
8.92195
8.94389
8.90724
8.6619
8.95655
9.05783
8.83188
8.83569
9.17412
9.16438
9.0348
9.23177
9.2113
9.0929
9.20699
9.21404
9.30892
9.29805
9.39479
9.38319
9.35328
9.1192
9.21813
9.17478
8.69889
9.23139
9.29216
9.02132
9.23392
9.63849
9.18577
8.98926
8.89506
8.66528
8.94378
9.38538
9.1007
9.46142
9.39643
9.06647
9.17706
8.46048
9.12273
8.81795
9.31348
9.0048
9.45747
9.70687
9.2425
9.0142
9.25144
9.10319
9.43406
9.15878
9.3896
8.76667
9.32208
9.06435
9.39916
9.36453
9.48276
9.1207
9.30582
9.24132
8.78053
9.31512
9.17669
9.14785
8.78632
8.73961
9.57633
9.5608
9.17267
8.98803
8.98636
9.02897
9.30919
9.04245
9.11123
9.04625
9.58734
8.98974
9.14113
8.93892
9.06774
9.17391
9.16135
9.25602
9.69531
9.22378
9.04004
9.47853
9.10678
8.81214
8.89948
9.18548
9.24144
8.98585
9.27562
9.06691
9.04215
9.35393
9.07795
9.39854
9.02599
9.00852
8.83373
9.69427
8.5659
9.14415
9.12389
8.95975
9.15853
9.35483
9.08086
9.12069
9.31547
8.96477
9.17625
9.10401
8.82604
9.01767
9.06806
8.92231
8.61097
8.98743
9.22212
9.25165
9.02008
8.8769
9.28904
8.80495
8.76809
9.06366
8.78041
9.04959
9.02585
9.27671
9.16033
9.20991
8.92859
9.17998
8.82282
9.0377
9.00342
8.85583
8.78618
9.27089
9.01539
9.14804
8.81892
8.94679
9.13825
9.03636
9.57858
8.99194
8.61238
9.00301
9.0079
8.77669
9.22776
9.05607
9.00543
9.03645
9.12896
9.18178
9.14423
9.36149
8.90078
9.59299
8.9581
9.42831
9.32284
9.33325
8.84794
9.00817
9.44278
8.9798
9.18581
9.60693
9.19319
9.39952
9.4943
9.23145
9.42894
8.92922
8.96553
9.1411
9.7236
9.3802
9.27641
8.77142
8.89983
9.07701
9.09048
8.99304
9.54846
8.99553
9.63296
8.98915
9.00562
9.28188
9.31564
9.43904
9.38064
9.5786
9.29112
9.01664
9.18556
9.00709
9.36228
9.06254
9.32873
9.13274
8.70001
9.01814
8.77946
9.24977
9.22902
9.16281
9.08993
8.50065
9.28312
8.96697
9.0618
8.81396
8.8334
9.45215
8.56537
9.08718
8.95945
8.74025
9.21463
9.47796
8.81143
9.20448
9.17536
9.12425
9.00448
8.9659
8.63385
9.00661
9.11107
9.20303
9.20581
8.91014
9.28265
8.82111
8.65619
8.91184
9.09182
9.29818
8.99687
8.71414
9.10639
9.05092
8.76061
9.01128
8.99545
9.17892
9.02556
9.05122
9.04635
8.80845
9.27533
9.03327
8.93354
9.01864
9.09007
8.74603
8.83781
8.93511
8.33067
9.51353
9.37137
9.17239
9.20015
9.15958
8.6806
9.18236
9.40145
8.9801
8.77285
8.78376
9.2167
9.10204
8.78576
8.88064
9.4003
9.03827
8.72024
9.15205
8.42064
9.42417
9.08946
9.05828
8.95474
9.42262
9.10391
9.31183
8.70792
8.83082
8.92409
9.37355
8.96154
9.21359
9.23579
9.01229
9.02835
9.31796
9.44739
9.32916
9.28795
9.04678
8.9731
8.89127
9.1525
9.14224
9.42991
9.63109
9.50734
9.02012
9.32102
9.26087
9.24505
9.19934
9.34201
9.28737
9.25913
9.12586
9.30705
9.75383
8.77723
8.86387
9.37095
9.39176
9.2215
9.5233
9.36925
9.21613
9.32036
8.75609
9.16084
9.54392
9.27771
8.55121
9.0346
9.33664
9.13288
9.3888
9.10887
9.08635
9.20508
9.07734
8.91852
9.32572
9.25677
8.97536
9.21202
9.07118
9.37781
9.39317
8.95346
9.10175
8.88035
9.19075
9.19549
9.25201
8.73473
9.12323
9.24349
9.49103
8.95117
9.37129
8.88553
8.86481
9.04298
9.17484
8.79628
9.14194
8.89776
9.17025
9.41169
8.6593
9.44931
9.11107
8.80539
9.20451
9.1518
9.27629
9.50988
8.81067
9.12509
9.03305
9.16632
9.11856
8.74871
8.82786
8.81989
9.32844
9.13428
9.27878
9.2873
8.88849
8.8524
9.46232
9.22294
9.01494
9.74497
9.23276
9.26437
8.87816
8.98693
8.87815
9.26098
9.6223
9.51217
9.33812
8.95022
9.0407
9.0593
9.17308
8.70384
9.06757
8.59843
8.83235
8.93696
9.35408
9.34128
9.27113
9.28792
8.96635
9.03745
9.21461
8.8004
8.82724
9.27977
8.81492
9.03114
9.07972
9.28749
9.42173
9.14742
9.0845
9.06186
8.93635
8.89984
9.40521
9.45168
8.96647
8.81506
9.16483
9.26685
9.28411
9.28632
9.29445
8.89328
9.11465
8.90768
9.04711
9.14891
9.00386
9.46573
9.19459
9.23938
8.91753
9.03377
8.81558
8.9203
8.90048
9.0121
9.41457
9.12644
9.21587
9.11448
9.47099
9.23789
9.18708
8.79994
8.86752
9.48043
9.19168
9.08838
9.06194
9.0635
9.03688
9.1256
9.11886
8.96172
9.14902
9.27578
9.20534
8.96336
9.35183
9.38695
8.99448
9.13454
9.20298
9.11737
9.34021
9.60397
9.47313
9.16337
9.39824
9.53035
9.06208
9.09133
9.27005
9.55926
8.86719
9.20712
8.96961
9.34184
9.44967
9.13941
9.39683
8.88496
8.89484
9.01802
9.10193
9.26786
9.13443
9.3461
9.14342
9.04531
9.32936
9.16882
8.94189
9.08771
8.89099
9.03907
9.23875
9.06262
9.03152
9.57732
9.33177
9.20075
9.46145
9.01168
9.27705
9.06762
9.07601
8.979
9.24733
9.15994
9.3007
9.63123
9.41101
9.00444
9.56847
8.88148
9.09016
9.22693
9.1244
9.2294
9.62611
8.91806
8.95306
9.17233
9.41072
9.28719
8.94901
9.18787
9.25122
8.97602
9.13271
9.02461
9.06027
9.10463
9.24049
8.63613
9.49624
8.72924
9.07895
9.3396
9.24621
9.01661
9.15931
9.12021
8.83867
9.02342
9.29405
9.09309
8.99458
9.06519
9.44682
9.27869
9.24199
9.06154
9.03354
8.95937
8.81492
9.10408
8.75641
8.9768
9.56512
8.85446
8.89562
9.30792
9.04961
8.81925
9.02769
9.01999
8.72911
9.33331
9.42751
9.40096
8.81007
8.84259
8.90459
9.40186
9.25418
9.02126
9.45155
9.4318
9.27731
9.32005
9.27302
8.76315
9.22762
9.70138
9.20288
9.40069
9.06039
9.1249
9.1707
9.00329
9.51339
9.11713
9.07193
8.81191
9.35588
9.24978
8.99663
9.17638
9.02004
9.5442
9.34608
9.30878
8.96467
9.20014
9.24061
9.00547
8.89814
8.96582
8.85459
9.3519
9.20259
9.04774
8.86998
8.94834
8.86309
9.16314
8.79226
8.79899
9.27569
8.75567
9.08434
8.97226
9.15061
9.20032
8.60551
9.08048
9.20215
8.95768
9.11863
8.92055
9.07409
8.6724
9.11682
8.9752
8.6751
8.84698
8.64715
8.92142
9.02515
9.03806
9.04398
8.67771
8.81523
9.00081
8.94905
8.8158
8.85513
9.06087
8.74898
9.07816
9.02489
9.44637
9.32499
8.73038
9.21108
9.22072
8.95876
9.08646
9.44483
9.07759
9.06158
9.04419
8.98255
9.40747
8.70649
9.33885
9.25562
8.85904
9.01898
9.10304
8.80345
9.07174
8.96139
8.87903
8.71179
9.24851
9.331
9.1964
8.8843
9.23212
8.28809
9.08153
9.02059
9.18579
9.16057
8.86863
8.84172
9.08833
8.88521
8.91908
9.22845
8.80709
9.18808
9.11569
9.14853
8.80997
9.11646
8.91737
8.91166
9.33655
9.06566
8.82357
9.4199
9.10771
9.33148
9.11139
9.14582
8.8031
8.68084
9.07354
8.6917
9.29311
9.3055
9.26632
9.09674
9.29935
9.3259
9.11519
8.97768
9.23023
9.40028
9.13694
8.97418
9.3054
8.88861
9.12459
8.99198
9.15291
8.71743
9.06181
8.9802
8.86701
9.22665
9.1792
8.89734
9.21494
8.81854
8.95284
9.13098
9.38426
9.03756
9.14213
9.18568
9.30693
9.0173
9.11682
9.36991
9.2231
9.15742
8.63295
9.18448
8.80309
9.40594
9.02609
8.77682
9.15837
8.88758
9.08529
8.70506
9.11899
8.85381
8.8554
9.20473
9.03864
8.84984
9.0255
8.83312
9.12375
9.19954
8.94694
8.86742
9.38621
9.00467
8.95027
9.4918
8.60863
9.39639
9.07136
9.0204
8.62593
8.98873
8.98746
9.18899
8.75187
9.06598
8.85002
9.04948
9.00158
9.17384
9.10709
9.36616
9.12928
9.39144
9.29164
9.05834
9.44795
9.27734
9.04563
9.60153
9.39717
9.13804
9.22912
8.93759
9.06393
9.07207
9.24975
8.91919
9.63092
9.10628
9.15516
8.9735
8.96569
9.55551
9.56866
9.4183
9.08799
8.90569
9.29921
8.97875
9.66368
9.2101
9.18987
8.93131
9.16102
9.26459
9.07469
9.48955
9.25223
9.83067
9.09114
9.11164
8.93571
9.42044
8.94553
9.08959
9.29154
9.58021
9.42944
9.20288
9.49854
8.91514
9.23334
8.98349
9.36631
9.12711
9.1206
9.56425
9.45587
9.10189
9.37422
9.02748
9.11905
9.41373
9.48676
9.38284
9.10865
9.05735
9.09261
9.22975
9.27438
8.80585
9.07803
8.86645
8.79595
8.97443
9.03209
8.49158
9.32089
9.17572
8.8342
9.36807
8.54995
8.83579
8.91317
9.3756
8.70612
9.0844
9.03091
8.93919
8.50634
8.91637
9.27293
9.11174
8.86107
8.97475
9.14037
9.13793
8.77301
8.99089
9.37793
9.31517
9.3311
9.4965
9.15065
8.78034
8.55565
9.06903
9.04507
9.25408
8.79525
9.07706
9.02149
9.15638
8.75156
9.05785
9.3949
9.16573
9.28078
9.60008
8.81526
9.53451
8.70163
9.16318
9.12436
9.28544
9.06171
8.79114
9.30741
9.38102
8.92814
9.03436
9.04252
8.5908
9.04226
8.87983
8.92417
9.09461
8.89041
8.97918
9.05356
9.25754
9.38913
9.02585
9.13141
8.76991
9.27199
8.95726
9.01222
8.85251
9.14703
9.31987
8.79402
9.22427
9.07445
9.13454
9.21438
9.47197
8.90399
9.16313
9.15286
8.87121
8.82702
9.00113
9.03916
9.14027
9.06114
8.75026
9.23699
9.15156
8.68427
9.02821
9.24415
8.68093
9.3453
9.04833
8.80053
8.83317
8.80559
8.92242
9.30744
9.32872
8.97664
9.19078
9.59889
9.0724
9.14852
9.128
9.07941
9.60539
9.13377
9.05148
9.05242
9.32989
9.11454
9.31205
9.26814
9.24961
9.15654
9.25643
9.08738
9.15606
9.00115
9.36004
8.78398
9.22819
9.19158
9.08002
9.28323
8.99936
9.16767
9.20332
9.29277
9.29674
9.15909
9.55986
9.08458
9.0299
8.96459
9.12767
9.16488
9.81755
9.27144
9.42237
9.04241
9.36367
9.27917
9.65709
9.29048
9.4053
8.98424
9.12397
9.23386
9.01787
9.18728
9.39522
9.23208
9.13338
9.06801
8.92142
9.06457
9.14784
8.57666
9.15065
9.21017
8.99666
9.30755
8.8396
9.33188
9.2954
9.08416
9.11229
9.04491
9.21767
9.2886
9.26264
8.8947
9.20458
8.47747
8.85992
9.24594
9.19878
9.65944
9.57307
8.97237
9.33414
9.03212
9.56758
9.38246
9.11
9.24266
8.9581
9.64285
8.68244
9.42053
9.17582
9.58997
9.22738
9.11983
8.80041
9.63068
9.35282
8.88361
9.19985
9.19561
9.26333
9.10487
9.63138
9.01271
9.16834
9.21585
8.90748
8.88861
9.25108
9.30827
9.14223
9.18565
8.81825
9.11804
9.23078
9.17306
9.31863
8.79827
9.36363
9.40202
9.12876
8.89599
8.9554
9.05248
9.18595
8.81668
8.80914
9.15644
9.03709
8.81292
9.30749
8.87863
9.09789
9.11441
9.07627
8.99899
9.23727
9.29379
9.39068
8.65018
9.1294
8.94443
9.18595
8.99627
9.43784
9.13979
8.87433
8.82531
9.46665
9.33212
9.21846
9.01175
8.82311
9.07207
9.34225
9.30632
9.06511
9.04877
9.55196
9.24393
9.15201
9.28021
9.13557
9.00052
9.1536
9.12221
9.23382
9.23116
9.02633
9.10686
8.82013
8.88566
9.32334
9.12076
8.74789
9.21457
8.77143
9.07947
9.28361
8.98526
8.92133
9.13646
8.83375
9.01297
9.03884
9.16692
9.31602
9.02607
8.79412
9.01706
8.97766
8.91502
9.20468
9.29796
8.91597
9.03998
9.1726
9.1237
8.87259
8.79328
8.83816
8.97303
9.19287
8.97058
8.88728
9.08122
9.05257
8.91325
9.55932
9.32308
9.12689
9.22745
9.23802
9.64212
9.14277
9.23402
9.1507
8.47277
9.03504
8.83627
9.07439
8.82674
9.49599
9.12302
9.02738
9.19167
9.22524
9.43244
8.83558
9.11146
8.97683
9.25175
9.03164
9.15925
8.91928
8.91473
9.27389
9.03482
9.3282
9.41858
8.9666
9.51522
9.02267
9.09718
8.85919
9.26364
8.99281
9.01132
8.97599
8.84677
8.89573
8.88675
8.93532
8.96369
8.7049
9.23334
8.46679
9.309
9.2894
9.66572
9.21944
8.68563
9.2042
9.86
9.40474
9.08739
9.30887
9.12267
9.14415
9.17155
9.45719
9.36745
9.13616
8.9076
9.11493
8.89921
9.33619
9.24272
9.32267
8.59829
8.78188
9.01852
8.29232
8.68522
9.44095
8.95846
9.31506
9.08961
8.88503
9.24581
9.10814
8.97459
9.05185
9.539
9.26294
8.82904
8.9532
9.03084
9.39069
9.41307
9.19596
9.19825
9.10454
9.15305
8.90463
9.50274
9.01698
8.98198
9.1968
9.25375
9.06473
9.37498
8.90564
9.45679
9.15188
9.24885
9.36192
8.86189
9.1565
8.86531
9.08557
9.04674
9.03293
8.83032
8.99898
8.6716
9.37371
9.00815
8.92489
9.08715
9.31047
9.21108
9.22243
9.33019
9.2524
9.12436
8.77417
8.80131
9.05585
8.94594
8.92311
8.92604
9.15778
9.21074
9.10072
9.65181
9.16798
9.33876
9.10491
8.65622
9.20468
9.10064
9.01356
9.12436
9.21188
9.13465
8.8282
8.75571
9.04327
8.89962
9.01312
8.89785
9.24922
9.33215
9.54645
9.26766
9.17472
9.42892
9.25838
9.27154
9.04223
9.24756
9.3827
8.94005
9.03536
8.86937
9.19792
