29.1032
28.9591
29.2729
29.1805
29.027
28.7476
28.733
28.7074
28.9008
28.8787
29.2968
28.9401
28.6824
29.0434
28.9669
28.6358
29.2271
28.5381
28.7494
28.7685
28.9058
28.6789
29.2837
28.5244
28.7495
29.0304
28.7896
28.9673
28.8587
28.9114
28.6339
29.1192
28.6543
29.2453
29.1618
28.6386
29.0374
28.6428
28.8157
28.7599
28.7737
28.685
28.5911
29.2675
28.6971
28.6435
28.9317
28.5704
28.9047
29.3941
29.1853
28.9713
29.1273
28.9243
29.2484
28.8771
29.2825
28.8872
28.8996
29.0682
29.0133
28.7027
29.2258
29.0613
28.7763
28.9149
28.8434
28.4816
28.8629
28.7579
29.1147
28.8206
28.7125
29.4593
29.0758
28.605
28.5373
28.9427
28.8263
28.5342
28.671
28.6898
28.8673
29.3193
28.8386
28.3356
28.5564
28.8935
28.5229
28.7514
29.3519
29.1237
28.8573
28.9237
29.1528
28.8794
28.8174
28.6617
29.3312
28.7571
29.0514
29.1284
28.6822
28.9482
28.8887
28.9817
28.8147
28.7909
28.8253
28.8993
29.0502
29.1292
28.8507
28.6634
29.1754
29.1021
28.7374
29.1789
28.7987
28.861
28.9205
28.8571
29.0384
28.8225
28.9275
28.6782
29.0428
29.215
29.156
28.9276
29.0635
29.1363
28.8582
28.8663
29.0737
28.989
28.7664
28.7748
28.7024
28.8596
28.88
28.818
28.7695
28.8647
28.9537
29.2106
29.0038
28.6775
29.1697
28.9613
29.0017
28.7045
28.7207
28.7838
28.9272
29.0663
28.8094
28.9528
28.8097
29.1083
28.9185
28.8161
29.0594
29.047
28.607
28.9504
28.9693
28.8644
28.7145
28.9208
28.6978
28.8219
28.7509
28.7259
28.7003
28.2753
29.1201
28.8784
28.6831
29.0899
28.7644
28.8764
28.6268
28.9259
29.1094
28.775
28.4007
28.8941
28.5974
28.6374
29.1859
28.5793
28.8907
28.7003
29.0764
28.979
28.602
28.6587
28.8667
28.8203
28.8948
28.6548
28.5902
28.8176
28.8671
28.8543
28.8176
28.9946
28.6569
28.8378
28.5927
29.0607
28.8882
28.7548
28.7168
28.4272
28.7033
28.5925
28.8305
28.5566
28.7114
28.8975
29.0105
28.8661
29.2723
28.7303
28.8756
28.8031
28.7068
28.8671
28.9089
29.1404
28.9234
28.8328
29.0724
28.8785
28.5111
28.8719
29.0328
28.7741
28.5846
28.7634
29.061
28.7491
28.7868
28.7545
28.8278
29.2317
29.3278
28.5431
28.8001
28.9663
28.9423
28.5042
28.9542
28.9181
28.7419
28.9206
28.958
29.3874
28.7564
29.0163
29.0119
28.6068
29.2466
28.9456
28.5572
28.8297
28.936
28.8713
28.3823
28.6796
28.3386
29.148
28.9785
28.5126
28.7599
28.604
28.9998
28.7976
28.903
28.8137
28.9833
28.6554
29.3421
29.1203
28.7919
29.1098
28.9808
28.8146
28.9463
28.9061
28.6184
29.16
29.2718
28.711
28.8177
29.1829
28.7429
28.9193
29.0476
28.8543
28.9662
28.693
29.095
29.0366
28.322
29.188
29.0539
29.3796
28.9278
28.8436
28.7593
29.1549
28.6605
28.7187
28.7497
28.8344
28.8381
29.0787
29.2958
29.17
29.0761
28.8867
28.9565
28.8277
29.1354
29.3283
28.9752
29.0901
28.651
29.1109
28.886
28.8231
28.6045
29.1508
28.6897
28.6717
29.0906
28.9513
28.7752
28.7256
29.1224
29.3457
29.2087
29.3243
29.211
29.0741
28.5794
28.9108
28.7013
28.9157
29.2735
29.131
28.8452
28.6511
28.6792
28.8473
29.0716
28.8794
28.8779
29.0663
28.6806
28.7571
28.9338
28.7735
28.844
28.1916
28.7742
28.815
29.2708
29.1088
28.5964
28.9446
29.0514
28.7676
28.9239
28.9419
29.2188
28.599
29.2418
28.8955
28.4865
28.9905
28.8009
29.0221
28.855
29.0336
28.8048
29.0191
28.5831
28.8582
28.9396
28.764
28.929
28.9274
29.278
29.0025
29.3098
28.6956
28.9468
29.1176
28.8783
29.316
29.1118
29.0105
29.441
29.0729
29.2996
28.9404
29.0204
28.7949
29.0776
28.7369
29.155
28.8245
28.9126
29.1596
29.3023
28.8952
29.0032
29.1672
28.8411
28.9505
29.1538
29.0299
29.1731
28.8262
28.9061
29.1905
29.1058
28.7937
28.9197
29.1257
28.9669
28.8769
29.0187
29.1323
29.3369
29.3206
29.2848
29.2406
29.0172
28.7471
28.8219
29.0136
29.2654
29.0877
29.0378
29.1447
28.6166
28.808
28.7254
28.6481
29.0217
28.9901
28.629
29.3713
29.0248
29.0721
28.8593
28.9291
28.9434
28.9969
29.1949
28.85
28.8594
29.0124
28.6419
28.5341
28.9637
28.7972
29.0342
29.2325
28.5285
28.6322
29.1254
28.9906
28.9126
29.014
29.3953
29.3991
29.2181
29.0489
28.8086
28.8078
28.385
28.4623
28.6375
28.5696
28.74
28.5076
28.701
29.1027
28.7363
28.5622
28.9513
28.5317
28.7744
28.6868
28.7135
28.5803
28.7358
28.6918
28.6132
29.0191
28.7054
29.2911
28.3073
28.9315
28.4521
28.5802
28.6416
28.8786
28.7833
28.7125
28.9342
28.6115
28.476
28.7125
28.5787
28.3763
28.7952
28.8925
28.8426
28.8319
28.7171
28.971
28.4613
28.5777
28.926
28.8168
28.5871
28.6826
28.8973
28.8238
28.6916
28.869
28.8507
28.5853
28.6324
28.8892
28.6112
28.5575
28.571
28.5542
28.4835
28.9104
28.7314
29.2194
28.7318
28.9446
27.9805
28.4496
28.7401
28.8366
28.6943
28.8478
28.5733
28.3784
28.5014
28.4136
28.6557
28.5488
29.1244
28.3435
28.7426
28.8498
27.887
28.7607
28.8078
28.5197
28.9149
28.9168
28.9056
28.8936
28.7632
28.5751
28.6333
28.5289
28.3789
28.8368
28.8285
28.7866
28.6374
28.734
28.8401
29.0488
28.837
28.8319
28.4127
29.2106
28.9707
28.4377
29.0966
28.7882
28.6067
28.8156
28.9813
29.0498
28.8573
28.6761
28.9756
28.7158
28.9022
28.8031
28.905
28.5179
28.7817
29.0893
28.882
28.8726
28.6774
28.7162
28.9921
28.8531
28.671
28.4454
28.5074
28.8295
29.0327
28.7612
28.8773
28.8867
28.9273
28.8763
29.1755
28.892
28.8962
29.055
28.7651
28.7676
28.8259
28.7629
28.9627
29.099
28.7794
28.5654
28.8262
28.6959
28.7878
28.7603
28.7778
28.7176
28.791
28.6787
28.5358
28.8746
29.0235
28.7217
28.7849
29.0864
28.5653
28.7122
28.4342
28.4667
28.7843
28.8015
28.3297
28.9274
28.9051
28.8476
29.3056
28.6309
28.7391
29.1013
28.9641
29.0026
28.7368
28.937
28.416
28.7504
28.3406
28.6742
28.6515
28.6847
28.5605
28.7923
28.6108
28.9985
28.9484
29.3292
28.9125
28.3895
28.4943
29.016
28.459
28.9364
28.4259
28.5822
28.5844
28.9018
28.5722
28.6822
28.9672
28.7016
28.7038
28.5649
28.7109
28.6827
28.8952
29.065
28.4939
28.841
28.5428
28.7603
28.8986
28.3344
28.8523
28.2778
28.6354
28.3723
28.8135
28.6656
28.6309
28.837
28.8595
28.9601
28.5435
28.8627
28.492
29.0708
28.4953
28.9301
28.6854
28.8007
28.7151
28.5821
28.901
28.5058
28.4734
28.7055
28.6832
28.4203
28.5851
28.5936
28.725
28.8749
28.6616
28.8209
28.7358
28.4642
28.2942
28.2343
28.5928
28.2765
28.9424
28.544
28.7893
29.1377
28.9727
28.792
28.7416
28.5796
29.007
28.8093
29.0946
28.7172
28.7259
28.8123
28.4749
28.8348
28.5077
28.6023
28.6392
28.451
28.8672
28.7461
28.726
28.6394
29.052
28.6518
28.839
28.7613
28.476
28.7474
28.6699
28.1995
28.7072
28.8729
28.3621
28.9256
28.7404
28.5402
28.7616
28.9462
29.1906
28.9213
28.7809
29.0027
28.4915
28.8262
28.9843
28.7895
29.3049
28.8396
28.5002
28.7359
28.907
28.6067
28.7199
28.2675
28.3643
29.1495
28.9316
28.86
28.7639
29.3611
29.3824
28.9535
29.082
28.3569
29.0318
28.7332
28.6895
28.7383
29.0643
28.8003
28.7593
29.097
28.5803
28.7762
28.4857
28.8337
28.635
28.7242
29.0167
28.7739
28.6953
28.6396
28.6448
28.686
28.421
28.3792
28.622
28.5985
28.9272
28.7108
28.6627
28.7484
28.7305
28.7419
28.7432
28.7818
28.3431
28.6155
28.7207
29.0367
28.8481
28.9704
28.697
29.0004
28.6236
28.676
28.5801
28.8982
29.1154
28.7302
29.3171
28.9266
28.7233
28.8499
29.1397
28.7478
28.6383
29.133
29.1902
28.7204
29.1544
28.8456
28.7425
28.6936
29.205
28.73
28.8222
28.6624
28.8805
29.0255
28.7728
28.8766
28.9422
29.0897
29.2375
28.7449
29.0402
28.7252
29.0116
28.8554
29.1081
29.0585
28.8746
28.6131
28.8196
28.6033
28.8471
29.07
28.9412
29.186
29.3703
29.2461
28.6831
28.4625
29.2085
28.7265
28.9022
28.8841
29.2603
29.1528
28.8245
28.6091
28.7616
28.7467
29.037
28.9408
29.2479
29.4383
28.8664
29.2247
29.1385
28.9675
29.0067
28.5347
28.4941
28.9904
28.5141
28.8893
29.3684
28.4255
28.7598
29.073
29.0147
29.2247
28.8378
28.6351
28.4673
28.7075
29.0166
28.9863
28.5789
28.6638
28.989
29.0853
28.748
28.9255
28.8713
28.6453
28.5927
28.5006
28.8853
28.7411
29.107
29.29
28.5151
28.6363
28.9631
28.7102
28.7286
28.7318
28.7341
28.4918
28.4706
28.7817
28.7304
28.7336
28.9976
28.7741
28.8637
28.7797
28.9058
28.843
29.0075
29.2795
28.8466
29.0911
28.7087
28.5411
28.4721
29.128
28.6352
28.646
28.5991
28.7148
28.9357
28.7015
28.8443
29.1458
29.1389
29.165
28.961
28.9166
28.651
29.0795
28.7303
28.4913
28.3801
29.2581
29.2214
28.9799
29.1557
28.5639
28.7391
28.4626
29.0787
28.8349
29.2265
29.0217
29.1605
28.5337
28.5415
28.918
28.6247
28.6382
28.7356
28.8603
28.559
28.8937
28.8605
28.84
28.9918
28.9318
28.7018
28.7134
28.929
28.5091
28.9645
28.8109
28.6617
29.3624
28.9531
28.6413
28.8462
28.4123
28.5928
29.0221
29.1985
29.0328
29.2735
28.7054
28.6066
28.6996
28.7934
29.2469
29.4675
28.8715
29.249
28.5872
28.9938
28.6376
28.7255
28.7918
28.8929
29.1953
28.944
28.7985
29.2661
28.9258
28.9212
28.3648
28.6851
29.2973
29.1393
29.0634
29.1702
28.9313
28.8618
28.5433
28.7624
29.2086
28.8979
29.2464
28.9822
29.0365
28.7336
29.0541
28.916
28.8348
28.9797
29.0579
28.7599
29.4336
28.6306
28.7847
28.8628
29.1157
29.4459
28.9883
28.6415
28.5898
28.7292
28.7984
29.6308
28.822
29.1309
28.7523
28.8011
28.8851
28.645
28.6484
28.5286
28.6059
28.9248
28.9514
29.2664
29.0451
28.5985
29.0361
28.7032
28.6928
28.8516
29.091
28.7871
28.7376
28.9125
29.0175
28.8474
28.7027
28.975
28.7604
28.9979
29.178
28.8369
29.1567
28.6366
28.7996
29.1022
28.8904
28.8183
28.7806
28.7329
29.034
28.9718
28.6525
29.1702
28.8375
28.8127
28.9372
28.7595
28.7253
28.6176
28.9225
29.1546
28.6517
28.8521
28.7131
28.7272
28.7515
28.9353
29.2455
28.6702
29.1002
28.7784
28.5283
28.6543
29.0888
29.1379
29.131
28.889
29.1746
28.8007
28.9761
28.9096
28.6403
28.6302
29.0399
29.0183
29.1172
28.7588
28.6038
28.816
28.9531
29.2168
29.3649
28.3925
28.9424
29.2174
28.5685
28.7861
28.8945
28.7604
28.6462
28.4102
28.767
28.8331
28.5925
28.8385
28.6074
28.3746
28.7103
28.9671
28.5853
28.863
28.7531
28.6868
28.6858
29.0336
28.9514
28.9304
28.875
28.7689
28.8491
28.8106
29.0556
28.7687
28.5465
28.8241
29.0244
29.0985
28.7978
29.126
28.8821
28.9526
29.1472
28.923
28.9312
28.9942
28.6785
28.7426
28.8356
28.9763
29.0534
28.4046
29.0309
29.1427
28.832
28.5702
29.2274
28.7924
28.837
29.2776
28.8631
28.381
29.0477
29.1544
29.0058
28.8878
28.633
28.8866
28.7802
28.9033
28.8646
28.9095
28.8106
29.0183
29.1697
29.0681
28.8258
29.2515
29.1068
28.8618
29.0343
28.7158
28.6503
28.911
28.837
28.4328
28.9973
28.7846
29.1698
28.9526
29.0523
28.6515
28.4918
28.8515
28.8809
28.7547
28.9941
28.8983
28.907
28.9667
29.0197
29.03
29.0303
28.9063
29.1668
29.3699
28.281
29.0388
28.9238
28.9239
28.7486
28.4673
28.7233
29.0437
28.482
28.8832
28.6993
29.0694
28.9042
29.0745
28.854
28.9718
29.0221
28.7568
28.6044
29.0053
29.2314
28.9771
29.0018
29.2424
29.0866
28.7164
28.4163
28.3851
28.706
28.7875
28.6696
29.033
28.9227
28.9277
28.8401
29.024
28.9175
28.7895
28.6252
29.159
28.5884
28.9631
29.1827
28.7522
29.0226
28.6823
28.8661
28.9643
28.787
28.6263
28.6884
28.393
28.8766
28.8289
28.8266
28.6502
28.7209
29.0237
29.0677
29.1192
29.0665
28.627
28.8429
28.7325
28.6186
29.0592
29.0229
28.9244
28.9045
29.0589
28.7701
29.2192
28.5888
29.1258
29.5054
28.715
28.9657
29.0914
28.479
29.0973
28.7616
28.5367
28.7534
29.1661
28.653
29.0246
28.9128
28.7166
28.6692
29.2882
29.0202
28.9656
28.3601
28.6545
28.7388
29.2457
28.7341
28.8624
28.5832
28.4673
28.586
28.8675
28.6977
28.7695
29.1288
29.0826
28.9001
29.1328
29.0437
28.8965
28.8973
28.9218
28.8875
28.9429
28.7503
28.7993
28.9377
28.938
28.716
29.2717
29.1122
28.9043
28.6704
29.283
29.0008
29.0627
29.2066
28.8968
29.1882
29.0578
28.7932
28.643
28.9713
29.0507
28.9125
29.1583
29.0694
29.0458
28.8076
29.2445
29.0854
29.0322
28.9757
29.0497
28.9083
29.0449
29.013
28.6968
28.7851
28.8184
29.2085
29.426
28.868
29.2863
28.9003
28.6902
28.6125
29.1558
29.1685
28.8218
28.7737
28.931
28.7753
29.1882
28.9844
28.9238
28.8983
29.201
28.7248
28.4555
28.5947
29.1923
28.9392
29.1732
28.6022
28.9902
28.63
28.8396
28.9443
29.1144
28.9518
28.7879
28.84
29.0838
29.2484
29.2171
28.8502
28.736
28.9167
28.7048
28.7096
28.7895
29.0948
28.9611
28.3083
28.7703
28.5112
28.6322
28.4048
28.8439
28.9392
28.7763
28.547
28.9046
28.8917
28.8502
28.7556
28.508
28.9419
28.8844
28.6166
28.6053
29.0164
28.6043
29.0322
28.9732
28.3081
28.927
28.837
28.9257
28.7436
28.5521
28.6701
28.8436
28.703
28.6952
28.7056
28.5408
28.7407
29.497
28.6688
28.464
28.64
28.6795
28.929
29.0989
28.8196
28.7338
28.7965
28.3097
28.9517
29.0522
28.8089
28.9113
28.8521
28.7453
28.7562
29.1181
28.9023
28.5092
28.5905
28.6963
28.6256
29.472
28.601
28.8279
28.557
28.8329
28.3558
29.1543
28.7705
28.4304
28.7615
29.1778
28.8824
28.599
28.8575
28.6258
29.0237
28.9142
28.7249
28.9851
29.0411
29.1019
28.7735
28.767
28.8623
28.5686
28.9676
28.8184
29.0139
29.1519
28.7296
29.1754
29.4961
28.7362
28.794
29.1954
28.8531
29.0106
28.9976
28.8692
28.8259
28.9669
28.8814
29.1938
29.1302
29.106
28.7604
28.8404
28.8455
28.8849
28.8721
28.7155
29.1339
29.447
28.8486
29.0134
29.0056
28.6194
29.0613
29.1679
28.9376
29.1761
28.9349
29.2465
29.5124
29.0902
29.0193
29.1778
28.7899
28.6335
28.9285
29.2898
28.8979
28.9036
29.0442
28.9821
29.332
29.1123
28.9733
29.0794
29.125
28.9046
28.6478
28.8747
28.6206
28.5466
28.9995
29.4
28.7967
28.7897
29.0918
28.8432
29.0711
29.0769
28.6827
28.8754
28.8033
28.6402
28.866
29.127
28.7337
29.116
28.7243
28.906
28.8396
28.7485
28.962
28.9161
28.491
28.6533
28.6541
28.8073
29.0786
28.5062
29.3416
28.9612
28.7739
28.9316
28.7007
28.8758
29.1491
29.0142
28.9352
28.7315
28.7977
28.8389
28.2636
28.9082
28.7628
28.8024
28.9244
28.586
28.7705
28.6849
28.886
28.6378
29.1261
28.9227
29.2224
28.4309
29.1735
28.3913
28.6497
28.7403
28.9198
28.5836
28.7393
28.7754
28.8393
28.7681
28.675
28.4959
29.0101
28.822
28.9538
28.9332
28.9194
28.4986
29.1978
28.5524
28.6113
28.7809
28.9605
28.5629
28.5211
28.2301
28.8101
28.7115
29.0603
28.819
29.0543
28.6956
28.3886
28.8723
28.7658
28.9062
28.874
29.1531
28.767
28.8968
28.8345
28.7148
28.6366
28.6772
28.8412
28.4471
29.2406
29.0081
28.2522
28.6966
29.1073
28.7876
29.1396
28.7218
28.7083
29.0015
29.1108
28.5257
28.6793
28.7684
28.6892
28.9446
29.0267
28.893
28.9785
28.8795
28.6922
28.6952
28.7839
28.8722
28.6173
28.7621
28.654
28.9423
28.5256
29.5202
29.1694
29.1441
28.6341
28.6659
28.9599
29.3686
28.6995
28.7613
29.1022
28.8717
29.0791
28.9626
28.5906
28.8289
29.3267
28.6242
28.8164
28.9589
29.2457
28.9745
28.5741
28.9251
28.868
28.697
28.7558
28.9465
28.6713
28.8115
29.0755
28.5987
28.4434
29.0258
28.8916
28.6282
28.6037
28.7973
28.6301
28.8746
29.1976
28.9672
28.7444
28.8972
28.8485
28.8279
28.6303
28.7349
28.7834
28.9637
28.6537
28.9834
28.7839
28.6538
28.7123
28.5382
28.9401
28.8885
28.9125
28.7807
28.7578
29.0503
28.8484
29.0278
28.7496
28.9823
28.9433
28.7944
28.9108
28.974
28.6756
28.8459
28.6979
28.6312
28.5418
29.0047
28.5146
28.7638
29.1691
29.0359
29.0385
28.7502
29.042
29.0759
28.7496
28.6396
29.0343
28.5553
28.3455
29.0307
29.1075
29.2112
29.0663
28.64
29.1184
28.7947
28.9429
28.6353
28.8506
28.8081
28.8621
28.5554
29.4245
28.8154
28.9207
28.7765
28.7867
29.0105
28.7818
28.4765
28.549
28.7539
28.5926
28.9754
28.8247
28.8109
28.9214
28.5198
28.9716
29.1803
28.864
28.8373
28.653
28.7311
28.8726
29.1251
28.4418
28.7594
28.7672
28.7784
28.7566
28.5806
28.6855
29.1478
29.0779
28.8983
28.689
28.885
28.7557
28.7393
29.0044
28.8804
28.921
28.9816
28.8009
28.8961
28.7575
29.1041
29.0127
29.1568
28.7604
28.9986
28.2609
28.8122
28.9263
28.7544
29.0033
28.5513
29.0802
28.842
29.0604
28.8017
28.8646
29.115
28.8719
28.9416
28.5815
29.2377
28.9641
29.0104
28.6509
29.0728
28.7894
29.086
28.7845
29.0545
29.1118
28.7338
28.7679
28.8686
28.9134
28.9932
28.7429
28.3995
29.3108
28.6282
28.3987
28.7909
28.6728
28.5102
28.5069
29.0793
29.159
28.7609
29.1268
28.9972
29.0595
28.936
28.8998
28.8225
29.0507
28.5152
29.3519
28.9797
28.7385
28.818
28.8894
28.7328
28.4667
28.1405
28.8564
28.8484
28.7183
28.5103
29.0464
29.1498
28.8983
28.7042
28.504
28.9706
29.0236
28.4181
29.06
28.7338
28.8597
28.7067
28.606
28.2764
28.5833
28.7847
28.3405
28.8349
28.591
28.8502
28.7721
29.2365
28.618
28.8624
29.1412
28.6086
28.7384
28.9658
28.7556
28.8016
28.9075
29.3253
28.9908
28.5121
28.7429
28.5932
28.7813
28.5562
28.4534
28.2706
28.7569
28.9807
28.8596
29.0273
28.8704
28.6134
28.8859
28.8343
28.6039
28.8902
28.8453
28.7874
28.5658
28.4569
28.4506
28.7548
29.1047
28.7075
27.9525
29.1911
29.0656
28.7812
28.5799
28.7571
28.3594
28.9365
28.6075
28.338
28.8842
29.0221
28.6307
28.8633
28.8597
29.1451
29.125
28.7618
29.053
28.932
28.7943
28.823
28.6613
29.1983
29.1952
28.8915
28.9992
28.9003
28.81
28.5882
28.6156
28.5622
28.6386
28.5407
28.7504
28.7832
29.0461
28.8387
28.8096
28.8767
29.3241
28.995
28.7452
28.8965
28.5878
28.8383
28.5334
29.1116
29.0209
28.7193
28.9487
28.712
29.0355
29.0467
29.0252
28.7235
28.7383
28.5603
29.1384
28.9511
28.4475
28.8572
28.9549
28.9266
28.6429
28.7727
29.1036
28.519
29.2367
28.8732
28.6228
28.8741
28.7836
28.6351
29.3011
28.7647
28.8881
28.9617
29.0639
29.0746
29.0401
29.0374
28.7281
28.9019
29.3492
28.7328
28.7839
28.625
28.8405
28.9437
28.3737
28.9191
28.9768
29.1146
28.7846
28.7302
28.8494
28.7933
28.617
28.8196
28.9463
28.9125
28.4897
28.7105
28.5549
28.7066
28.9336
28.8315
28.8398
28.7693
29.0085
28.572
28.9864
28.8993
28.5615
28.9098
28.8468
28.7409
28.7651
29.1068
28.4975
28.8273
28.5606
28.7532
29.2983
28.8919
28.8199
28.6832
28.662
28.6807
28.6872
28.9987
29.0122
28.4142
28.8519
28.5951
28.6976
28.949
28.6959
28.7671
28.8568
28.7078
28.3266
28.9233
28.6955
28.6084
28.6997
28.9349
28.3345
28.5025
28.5774
28.5876
28.6258
28.7281
29.1115
28.7819
28.8888
28.6594
28.8509
28.7812
28.5867
28.8264
28.8391
28.6306
28.6266
28.6261
28.8245
28.8874
28.8006
28.5189
28.773
28.6313
28.8679
28.8045
28.3694
29.086
28.3041
28.6972
28.6841
28.5917
28.3973
28.2889
27.9315
28.67
28.7699
28.3619
29.0991
28.7784
29.0482
28.9635
28.9455
28.2669
28.3479
29.0067
28.6378
28.5436
28.4482
29.0637
28.7106
28.6672
28.4916
28.3183
28.7025
28.6698
28.6842
28.7435
28.8408
28.8562
29.0137
28.69
28.3811
28.9636
28.8083
28.5272
28.4674
28.584
28.9386
28.7587
28.3367
28.745
28.9944
28.8314
28.7394
28.7643
28.5982
28.5803
28.5864
28.5087
28.5508
28.5536
28.2628
28.6306
28.7994
28.7369
28.382
28.4657
28.7104
28.6067
28.1524
29.1081
28.8792
28.8174
28.6402
28.6167
28.8924
28.9164
28.9105
28.3867
28.3596
28.6971
28.7999
28.2984
28.8744
28.7188
28.8914
28.9151
28.7022
29.0316
28.4821
28.929
28.7559
28.4505
28.8823
28.9119
29.3467
28.9636
28.8681
28.7298
28.6359
28.4376
28.8666
28.9631
29.3376
28.7258
28.6432
28.3925
28.6812
28.7254
28.4348
28.6869
28.9767
28.8415
28.5142
28.9489
28.475
28.4626
28.7345
28.3065
28.7287
28.6691
28.5307
28.4293
28.6859
28.8787
28.7833
28.5744
29.0144
28.6818
27.9533
28.7177
29.1101
28.7518
28.6784
28.6319
28.3127
29.0994
28.7557
28.6173
28.5908
28.58
29.0573
28.8034
29.1914
28.9781
28.9221
29.0455
28.68
29.0149
29.2856
28.4428
29.4347
28.9529
28.5278
28.7888
28.8066
28.8583
28.751
29.0015
28.671
29.0426
29.0255
28.7301
29.1951
28.9242
29.0322
28.895
28.9702
28.7862
28.799
29.2543
28.7604
28.7325
28.8305
28.8678
29.3538
28.8586
29.0889
28.5175
29.2055
28.3613
28.8072
29.2623
28.5465
29.0248
28.5879
29.0287
28.6246
29.0596
28.547
29.0084
29.1499
28.8911
28.4722
28.6227
28.8855
28.8084
28.9054
28.9023
29.1964
28.82
28.7315
29.3159
29.3103
28.7773
29.107
28.8589
28.7354
29.2324
29.1114
28.9562
28.9919
28.6917
28.7958
29.0894
29.1616
29.0391
28.8755
29.0403
29.0883
28.9234
28.6993
28.6981
28.6607
28.9564
28.8971
28.407
28.4631
28.5289
28.7735
28.6378
28.8474
28.6945
28.5036
28.7501
28.7335
28.943
28.8676
29.0016
28.7467
28.9655
29.1028
28.7768
28.711
28.8761
29.0316
29.0824
28.8503
28.5441
28.8381
28.5859
29.1717
28.5402
28.9665
29.1999
28.8252
28.6334
28.6647
28.4759
28.269
28.6728
28.5991
28.9701
28.6193
28.8464
28.8943
28.866
28.3172
28.7414
28.662
28.9051
28.8215
28.6541
29.0965
28.9259
28.6388
29.4965
28.6417
28.7466
28.7357
28.9726
28.7931
28.8585
28.8665
28.7524
28.9485
28.7291
29.094
28.5821
29.065
28.6724
28.8136
28.8368
28.7136
28.6835
28.6814
28.8176
28.8849
28.6292
28.4033
28.8633
28.7918
28.7183
28.9592
28.632
29.1171
28.6476
29.1218
29.3464
28.7735
28.7738
29.0999
29.135
28.9793
28.8093
29.1109
28.8535
28.8186
28.5644
28.7471
28.865
28.8942
28.9582
29.4475
28.8198
28.7021
28.9506
28.9347
28.8906
28.6478
28.7356
28.6256
29.258
28.6885
28.941
28.945
28.6474
28.4667
28.7808
28.7564
28.9866
28.5252
28.4104
28.3511
28.582
28.8805
29.1817
28.9514
29.025
28.8561
28.8292
28.4658
28.9187
28.9025
28.7958
28.6771
29.0679
28.693
28.8858
28.7712
29.1833
28.506
28.547
28.7915
28.8797
29.3047
28.9921
28.6727
28.7412
28.704
28.5452
28.8814
29.1589
29.1945
28.7958
29.1978
29.2918
28.9286
28.8351
29.393
28.5933
28.6597
29.0158
29.2979
29.2709
29.1601
28.9971
28.5961
28.5937
28.8748
28.7416
28.8547
29.2236
28.8677
29.1501
28.7078
28.9293
28.9702
29.0069
28.6258
28.728
29.0485
29.2548
29.1308
29.1511
29.0991
28.9111
29.2685
29.172
29.3908
28.8432
28.7945
29.0001
29.1553
28.9817
28.721
29.0297
29.0399
28.7438
28.8913
29.1695
28.993
29.0652
28.9864
29.0892
28.7765
29.3609
28.8947
28.5771
28.9816
28.7673
28.8475
28.731
28.1673
29.2194
28.921
28.4988
28.4873
28.8925
28.7333
28.8367
28.7921
28.7337
28.8572
28.7747
28.8165
28.7437
28.9152
28.552
28.4445
28.6958
28.8319
29.3987
29.0561
28.971
28.7939
28.4266
28.8077
28.8134
28.9893
29.1962
29.0393
28.9765
28.6924
28.842
28.9504
28.606
28.6749
28.6629
28.7561
28.8254
28.9611
28.4978
28.7365
28.9382
28.9249
28.9995
29.0644
28.8628
28.4312
28.7359
29.278
28.7549
28.7628
28.7504
28.5941
28.7277
28.6538
28.822
29.2251
28.8642
28.6375
28.6218
29.0193
29.1873
28.4514
28.7004
28.7843
29.4178
28.5766
28.9045
29.2204
29.0018
28.6768
29.0126
29.1095
28.874
28.9148
28.8969
28.9292
28.944
29.1513
29.0007
28.5197
29.0135
28.8106
28.7444
28.5088
28.6582
29.0396
29.3004
28.9022
29.034
28.9867
29.0222
29.0127
28.8749
28.9473
28.9522
29.126
28.7983
28.9225
28.6603
28.8256
28.5961
28.9925
29.2578
28.9745
28.8218
28.9142
29.021
28.8726
29.0719
28.5773
28.8794
29.1949
28.8235
29.0048
29.0894
28.9572
28.6996
28.7962
29.1643
29
28.6909
29.1444
28.8138
29.1651
28.6477
28.7623
28.987
28.5456
28.8644
29.0519
28.7912
28.6829
28.6375
28.691
28.6836
28.581
28.9469
28.8809
28.897
28.8927
28.8686
28.9922
29.1381
28.7543
28.5943
28.3926
28.7594
28.6803
28.6892
29.1454
28.9949
29.2076
28.5535
29.1978
28.8628
28.953
28.3597
29.2159
28.9399
28.9031
28.9426
29.1072
28.4512
28.8126
29.0002
28.4788
28.5895
28.7468
29.1589
28.5179
28.6843
28.7026
28.9182
28.5409
28.8507
28.7263
28.883
28.7215
28.7896
28.7649
28.7384
28.989
28.8452
28.9489
28.6884
28.876
28.9117
28.6323
28.9684
28.8088
29.1024
28.767
28.8493
29.1964
28.9645
29.1573
28.9359
28.8245
29.0019
28.8432
28.9882
29.1489
29.2818
29.0432
28.8041
29.0341
29.0604
28.9875
29.4836
28.8961
28.9079
29.2143
29.004
29.1114
28.7218
29.173
28.8431
29.3546
28.7909
28.8778
28.8489
28.7571
28.969
28.7533
28.7962
28.8842
28.7991
29.091
29.0008
28.7413
28.6445
28.8869
29.1516
28.8781
28.7709
28.8487
28.9087
28.5216
28.7776
28.7559
29.2707
28.4014
28.6262
28.3884
28.5672
29.4386
28.7362
28.9506
28.8515
29.1088
28.5093
29.0093
28.5883
29.0707
28.8922
29.018
29.1659
28.4202
28.7423
28.7869
28.774
28.9553
28.7978
28.8008
28.4536
29.0441
28.6285
28.6381
29.1064
28.768
29.305
28.8184
28.649
28.8225
28.7762
28.6913
28.6238
28.7433
29.1283
29.0096
28.9446
28.9081
28.7891
28.6855
28.3386
28.7947
29.2072
29.1228
29.1822
28.9907
28.6128
28.5378
28.8804
28.7537
28.8831
28.4449
28.8921
28.9352
28.6864
28.965
28.7967
28.7652
29.0933
29.0072
28.8091
28.7968
28.4508
28.692
28.7785
28.9574
29.003
28.8538
28.6664
28.8602
29.0044
28.7154
28.6008
29.0677
29.4515
29.2626
28.9967
28.8052
28.8659
29.3306
28.9345
29.2144
28.984
28.9142
29.087
29.0477
28.9262
29.2695
29.4295
28.7846
29.1613
29.0783
28.9824
28.8732
29.1873
28.9807
29.044
29.1774
28.964
28.6215
28.7964
29.1047
29.0672
28.7881
29.1809
29.1402
28.8563
29.0123
29.389
28.8498
28.9428
28.6523
28.8639
28.8768
28.6438
29.0633
28.9291
28.5444
28.7651
28.7195
28.8603
28.7354
28.8698
28.6593
28.708
28.8035
28.529
28.8591
28.5664
29.1759
29.1367
28.8025
28.8363
28.8583
28.7815
28.7249
29.1345
29.0765
29.2699
29.0073
28.7572
29.0137
29.1094
29.263
29.1512
29.0301
28.8387
29.0157
28.887
29.0424
29.0646
29.3304
29.1588
28.9233
29.1648
29.4862
29.0991
29.0765
29.4194
29.3453
29.1266
29.3831
29.072
28.8896
29.085
28.8366
28.9585
28.8734
28.9202
28.8876
28.9043
28.9193
28.7289
29.0435
29.516
28.7813
28.935
28.9922
29.4199
28.9587
29.1959
28.9466
28.4993
28.8703
29.3331
28.9023
29.1041
28.8201
28.9627
28.7993
28.9894
28.9123
29.1466
29.0152
29.1316
29.3646
28.9332
28.7024
29.0188
29.0304
28.9844
28.8682
28.7415
28.9599
28.7036
29.1518
28.8209
29.0516
28.9866
28.6943
28.4665
28.7153
28.9476
28.7545
28.8622
28.5628
28.8154
28.7285
28.9731
28.832
28.2667
28.6682
28.7758
28.9253
28.9214
28.7252
28.5303
28.6793
29.1849
29.0392
29.1314
28.8556
28.6743
28.6567
29.0148
29.0674
28.7447
28.6062
28.4626
28.4473
28.9997
28.9121
28.6447
28.4826
28.7173
28.8246
28.3867
29.3753
28.5864
28.7231
28.5669
28.8119
28.7832
28.8837
28.6284
28.8334
28.6847
28.6064
28.5724
28.5739
28.9133
28.853
28.5986
28.94
29.0603
28.8774
29.1835
28.3865
29.2843
28.8153
29.1041
28.8642
29.0559
29.2027
28.9213
28.7659
29.0696
29.3012
29.0665
28.7613
28.8999
29.2615
29.0817
29.0318
29.0013
29.2882
28.5215
28.4874
29.2817
28.8418
28.8475
29.2577
29.2211
28.8362
28.819
29.0075
28.7417
28.9192
28.9791
28.8185
29.0266
28.8292
28.9232
28.6937
28.8068
28.852
28.5771
28.6587
29.2793
28.6708
28.9559
28.8643
28.749
28.8464
29.1872
29.1742
28.6683
28.4939
28.8154
29.4049
28.8395
28.8102
28.6991
28.7616
29.2043
28.8799
28.6272
28.8894
28.6035
28.9457
28.7503
28.7945
29.0433
29.0668
29.1815
28.7186
29.3478
28.8219
28.9203
28.6748
28.9433
28.7364
28.9295
28.8301
28.8841
28.8863
28.4761
28.7444
28.8756
28.7651
28.9648
28.7507
28.7532
29.327
28.6671
29.5208
28.5787
29.0455
28.7249
28.6403
28.9556
28.9509
29.2204
28.6502
29.1072
28.4068
28.369
28.4813
28.7019
28.9409
28.8878
28.816
29.117
28.6609
28.8552
28.6797
28.7439
28.4504
28.6287
28.3708
28.7645
29.3962
28.8193
28.9609
28.9031
29.0456
28.6344
28.754
28.8847
29.0982
28.8427
29.091
29.028
28.9138
29.0795
28.9467
28.3126
29.2379
28.713
28.8654
28.854
28.8838
29.1996
29.0033
28.8248
28.7153
28.6839
29.1086
29.1218
29.4531
28.6971
29.1188
29.2566
28.4405
28.9326
28.8226
28.4257
28.9592
29.1306
28.128
28.5829
28.9415
28.9456
28.6669
28.82
28.7928
28.8722
29.0473
29.1202
28.7918
28.9502
28.8354
28.8329
28.7509
28.8375
28.8105
29.0312
28.7682
28.6074
28.7238
29.0314
28.7572
29.0787
28.5216
29.0242
28.9814
28.8959
28.8477
28.997
28.7433
28.54
28.8691
28.855
28.685
28.7177
28.8888
28.4294
28.8046
28.5899
28.5737
28.9878
28.8288
28.9234
28.4002
28.8031
28.9953
29.0198
28.3047
28.8611
29.2454
28.5236
29.1123
28.9587
28.7816
28.6717
29.1484
28.6102
28.7743
28.8131
28.6334
28.8687
28.4563
29.3337
28.6037
28.9918
29.3392
29.0595
29.0518
28.7869
28.6531
29.0489
28.7024
28.5436
29.2929
28.8105
28.9788
28.5284
28.4329
29.0095
28.6929
28.7463
28.7282
28.7849
29.0482
29.0922
28.6032
29.0376
29.1225
28.9469
28.9338
28.7177
28.5482
29.114
28.9228
28.9784
28.6717
28.7387
28.5244
28.9574
28.74
28.9214
29.0675
28.7394
28.6993
28.7288
28.8525
28.3118
28.7367
28.9139
28.7619
28.679
28.8628
29.0137
28.7585
28.9422
28.8461
28.5568
28.6732
28.5541
28.5868
28.8548
28.7616
28.743
28.6634
28.4149
28.8371
29.3545
28.4256
28.8057
28.8254
29.0094
28.8512
28.6985
29.1673
28.5892
28.5997
28.8512
29.1648
29.1667
28.9941
28.9258
28.6884
28.9492
29.1785
28.8455
28.9409
29.076
28.8635
29.0793
28.9139
28.8626
28.6637
29.0119
29.1835
28.8094
28.8711
28.818
29.0867
28.8159
28.8615
28.6804
28.9862
28.6973
28.6789
28.7551
28.8464
28.9177
28.6237
28.6921
28.8762
29.1182
28.7066
28.7991
28.7457
28.8852
29.0101
28.9319
28.7637
28.913
29.1195
28.9718
28.9083
28.8349
28.7292
29.0528
28.1801
28.8084
28.8127
28.8018
29.2387
28.8157
29.0846
28.9858
29.0505
28.712
28.4661
29.0829
28.7982
28.8305
28.6672
28.766
28.5605
28.8186
28.6601
28.3758
28.5367
28.7808
28.6413
28.6392
28.7515
28.8591
29.0802
28.8755
29.2108
28.8696
29.0352
28.8688
28.6892
28.5175
28.9685
28.6339
28.596
28.899
29.0363
28.8174
28.8964
28.7125
28.9642
28.5169
28.7378
28.6334
28.7647
29.0419
28.7152
28.749
28.7806
28.8572
28.625
28.729
28.7084
28.6829
28.8053
28.801
28.5404
29.1537
29.0188
29.0138
28.7079
29.0038
28.6156
28.3568
28.6468
28.6337
28.7725
28.7105
28.8691
28.9012
28.5394
28.434
28.494
28.6232
28.9353
28.8172
28.5928
28.9354
28.4745
28.5495
28.8453
28.6631
28.3161
28.7549
28.4789
28.5165
28.5053
28.6309
28.6302
28.6613
28.8527
28.3494
28.6076
28.6849
28.4191
28.5962
28.6873
28.6599
28.6119
28.6329
28.7464
28.7323
28.9724
27.9568
28.726
28.4339
28.6316
28.9358
28.4634
29.0058
28.9338
29.2519
28.53
28.6691
28.833
28.6093
28.6129
28.7354
28.9086
29.1343
29.1324
29.1333
28.906
28.6914
28.8217
28.8207
28.9133
28.8961
28.696
28.6249
28.5847
28.9405
29.2367
28.3171
28.8394
28.8992
28.8492
28.9471
29.0841
28.7491
28.7983
29.1137
28.7472
28.9351
28.9557
28.6596
28.5935
29.2685
28.6272
28.7677
29.1644
28.5296
28.948
29.019
28.8077
28.9045
28.6921
29.1987
29.2543
29.1891
28.84
28.5292
28.7431
28.8108
28.9147
29.3389
28.8381
28.9213
29.3751
29.1006
28.9402
28.8314
29.4487
28.8234
28.9302
29.1199
29.0492
28.8491
28.914
29.3872
28.7959
28.6985
28.9894
28.5763
28.9845
28.9454
29.2718
28.9232
29.1305
29.4232
28.6498
28.9352
29.1987
28.9901
28.9546
28.7958
28.7385
28.6267
28.8002
28.9229
28.7508
28.8693
28.9492
28.971
29.1118
29.4787
28.8036
28.8052
28.8359
28.7127
29.03
29.0861
29.1241
28.8406
28.7511
28.6627
28.5069
28.8121
28.9965
28.8499
29.2527
29.3693
29.0671
28.9255
28.5418
28.8447
28.8563
28.7423
28.9062
28.9115
28.7973
28.2144
28.5791
28.9436
28.7793
28.9379
29.1314
28.8945
28.7914
28.743
28.6353
28.849
28.9136
28.8632
28.6444
28.356
28.8392
28.1711
28.8466
28.5944
29.1122
28.8498
28.7128
28.6187
29.0669
28.7774
28.9044
28.8182
28.7744
29.2043
29.0276
28.9041
28.7916
29.081
28.7768
28.8543
28.5122
28.9371
28.6968
29.2283
29.0913
29.0141
29.4046
28.7164
29.0196
29.4347
28.9428
29.3117
28.7869
29.0869
28.5716
28.9975
28.7317
29.0902
28.9472
28.9247
29.221
28.9826
29.2519
29.0865
28.7906
29.2886
28.6371
28.8667
28.9132
28.9505
28.6368
28.7844
28.7606
28.8783
29.0567
28.7432
28.5376
28.5786
28.9512
29.1123
28.6854
29.3269
29.2781
29.4836
28.7313
28.9654
29.009
29.1271
28.8723
28.551
28.9894
29.103
29.0371
29.2521
28.994
28.4294
29.1473
29.0613
28.7261
29.1491
29.0978
28.7238
28.6576
29.1009
28.8137
28.7335
28.7287
28.6687
28.7993
28.818
28.7652
28.5728
28.9513
29.0092
28.5654
28.4595
28.6296
29.2808
28.9966
29.2068
28.877
28.5804
28.9057
28.7029
29.4105
29.4043
28.8458
28.4677
29.1457
28.8753
28.8073
29.3544
29.1696
28.8373
29.1215
28.7776
28.8806
29.1972
28.9066
29.179
29.0875
28.7547
28.9826
29.1022
29.163
28.6705
29.0138
29.2396
28.9246
28.9197
28.7376
29.1201
28.634
29.0469
29.1011
28.9305
28.7432
29.235
29.0227
28.9161
28.9703
28.9327
28.7431
29.0371
29.0146
28.9117
28.8876
28.8676
28.9955
28.5391
29.1319
29.0259
28.9477
28.8414
28.5635
28.8042
29.022
29.1372
29.0548
28.6012
29.031
28.8537
28.8531
28.9976
29.2477
29.1229
29.1742
28.9294
28.528
28.7163
28.9692
29.0178
28.8457
28.7736
28.8694
28.615
28.8973
28.6434
28.7812
28.8265
29.3288
28.9417
28.7671
29.282
28.974
28.9891
29.0037
28.7309
28.5722
29.027
28.387
29.043
29.0813
28.7804
29.0339
29.035
29.0619
28.86
28.8989
29.1209
28.7968
29.2023
29.0374
28.9163
28.8845
28.8852
28.8787
28.7154
29.0273
29.3543
29.0931
28.7822
28.9151
28.7718
28.8969
29.4214
29.1002
28.761
28.7221
28.7972
28.9951
29.2071
28.9686
28.9809
28.8082
29.2631
29.1835
28.8061
28.8801
28.4652
28.8586
28.6395
28.8585
28.3986
29.252
29.0396
28.4316
28.8663
29.0434
29.1475
29.2247
28.9299
28.9606
28.8491
28.858
28.6312
28.728
28.6898
29.2635
29.2557
29.0442
28.7604
29.2312
28.8739
28.7646
28.7488
28.8629
29.0187
28.6915
29.1732
29.5367
28.9741
28.8569
28.8928
28.7279
29.4571
29.0295
28.9221
28.761
28.9329
29.2653
28.9644
28.6704
28.6389
28.41
29.0557
28.7196
28.8593
29.2254
28.9805
28.9526
28.8601
28.7269
29.15
28.8227
28.3542
28.9655
28.8258
28.8687
29.2107
29.1386
28.8307
28.9029
28.5598
28.6501
29.1227
28.7998
28.8972
29.1913
28.6121
28.6401
28.6809
28.7047
28.5416
29.1024
28.6661
28.7083
28.7859
28.7357
28.9625
28.7044
28.7643
28.9046
28.9627
28.9175
28.6016
28.5676
28.757
29.0464
28.8162
28.6874
28.7781
28.6623
28.834
28.6641
28.8996
28.6002
29.3331
28.6653
28.8132
28.791
29.0632
28.9107
28.6285
28.9878
28.8677
28.5858
28.6352
29.1291
28.98
29.2383
28.8318
28.8106
29.2825
29.0818
28.888
29.0725
28.7275
29.0979
28.791
29.0865
28.8796
29.3515
28.8917
29.1662
29.0475
28.8451
29.438
28.9386
28.8024
29.0051
29.2264
29.0759
28.6731
29.0974
28.7412
29.2672
29.309
28.7134
29.1588
28.7298
28.8881
28.9858
29.2328
29.2136
28.6006
28.7695
28.974
28.6997
29.4785
28.994
28.9688
28.6123
28.1294
28.5641
28.7599
28.9417
28.8354
28.3997
28.4341
28.2701
28.9606
28.913
28.5971
28.8348
28.9247
28.8076
28.7465
29.0555
28.551
28.5675
28.9905
28.7543
28.48
28.9031
28.8981
28.5372
28.7605
28.4157
29.139
28.7816
28.9696
28.6253
29.1584
28.8707
28.6324
28.844
28.7113
28.8402
28.9385
28.7155
29.0417
28.9531
28.4793
28.6003
28.4935
29.1727
28.9469
28.72
28.776
28.5966
28.6976
29.2658
28.6816
28.6843
28.5849
28.52
29.0061
28.9719
28.9749
28.3805
28.8283
28.8219
28.7731
29.1739
28.8969
28.5468
28.7594
29.0396
28.6208
28.6721
28.421
28.5811
28.472
28.2668
28.4147
28.8697
28.8446
28.9802
28.6576
29.0029
28.7567
28.5598
28.6247
28.9635
28.6893
28.8155
28.5407
28.6669
28.4201
28.9516
28.9228
29.0694
28.4016
28.8891
28.9331
28.6305
29.0331
28.2238
28.7269
28.8465
28.6774
28.8186
28.7367
28.683
28.791
28.9567
28.8973
28.5611
28.6171
28.8121
28.8785
28.5578
28.9311
28.2779
28.8122
28.9585
29.2505
29.0464
28.7244
28.7373
28.9995
29.363
28.9829
28.7286
28.9528
28.9304
29.1354
28.8734
28.8373
28.6922
28.6666
28.7515
28.7646
28.9642
28.8984
29.2592
28.7888
28.7254
28.7637
28.8363
29.0048
28.7213
28.6631
29.1458
29.1046
28.9779
28.9157
29.0835
28.9746
29.0315
29.0086
29.1642
29.2425
28.6824
28.7394
29.164
29.0146
28.8547
28.7902
29.4762
29.1791
29.3917
29.4503
29.0133
29.1151
28.7286
28.8147
29.0815
29.1492
28.9079
28.9052
28.6358
29.1278
28.9001
28.8482
28.705
28.9109
28.775
28.858
28.9801
29.1555
28.9354
29.0124
28.7859
28.9796
29.1392
29.2316
29.0002
28.5416
28.9193
29.1191
28.9017
28.8927
28.8685
29.0335
28.8437
29.3439
28.9255
28.9088
28.4939
29.0082
29.0995
28.9465
29.1435
28.7472
28.8405
28.9073
29.2586
28.7816
28.6878
29.1006
28.869
29.2184
29.06
29.2452
28.7102
29.1395
29.1445
28.9525
29.0836
29.0514
28.8743
29.4171
28.9585
28.8055
29.3132
28.7743
28.8363
28.5422
29.0011
29.0955
28.8671
28.8442
29.0216
28.7126
29.0544
28.9425
28.616
28.8789
29.0112
28.8791
28.3548
29.006
29.0105
28.5983
28.7669
28.9916
28.6443
28.9529
28.9309
28.6389
28.5829
29.1374
28.715
28.885
28.7544
28.8877
28.8831
29.4306
28.7466
28.9731
28.7418
28.6532
28.6004
29.2578
28.9888
29.2176
28.9265
28.7886
29.106
29.0732
28.91
28.6868
28.777
28.8568
28.3518
28.8757
28.9035
28.721
29.0381
28.606
28.5895
28.8826
28.9587
29.23
28.6754
28.6858
28.715
28.9287
28.9392
29.0998
28.7245
28.9626
28.4995
29.0283
28.7309
28.8838
28.5355
28.9402
28.5324
28.2356
28.1498
28.4387
28.7063
28.5571
28.6557
28.578
28.3575
28.6576
28.6936
28.9018
28.4226
28.612
28.5657
28.6267
28.5456
28.8137
28.4764
28.6601
28.7605
28.7819
28.9567
28.6149
28.8279
28.8469
28.4753
29.0952
28.7776
29.0858
28.929
28.9981
28.7475
28.7299
28.7518
28.6605
28.6681
28.8557
28.884
29.0594
28.9561
28.9147
28.9739
28.5157
28.482
28.721
28.6985
28.8117
28.7041
28.6684
28.35
28.7679
28.3559
28.4492
28.7962
28.4594
28.9554
28.7731
28.7125
28.6777
28.9912
29.2354
28.747
28.9475
28.7726
28.8311
29.0392
28.9076
29.145
28.8297
28.7401
28.7858
28.6599
29.0073
28.6521
28.5345
29.2682
28.7167
28.6637
28.96
28.7546
28.7192
29.233
28.8411
28.7504
29.0263
28.8929
28.8927
28.8935
28.9778
29.0018
28.7749
29.1401
28.8843
29.0013
28.4607
28.6934
28.6956
28.7597
28.8688
29.3811
28.5324
29.0638
28.9465
28.6536
28.6866
28.692
28.364
28.8939
28.6804
28.9886
28.3031
28.977
29.088
28.7197
28.567
28.7256
29.0187
28.8427
29.1247
28.5137
28.9088
28.7051
28.9624
28.8795
29.1261
29.0349
28.7688
28.9489
29.1603
28.664
28.6692
28.8822
29.4462
28.6331
28.9144
29.137
28.924
28.8735
28.5349
28.8
28.5979
29.3038
29.107
28.8684
28.8099
28.7093
29.1437
28.8597
28.7761
29.0454
28.6059
28.5631
28.9059
29.1186
28.7797
28.1542
28.6105
29.1056
28.7426
29.1609
28.7089
28.757
28.7276
29.3191
28.8896
29.2922
28.8201
28.6925
29.1756
29.287
28.7604
28.8777
28.7056
28.7491
28.7961
28.7387
29.1234
28.5571
28.5732
28.6965
28.6064
28.8847
28.5708
29.2327
28.9235
28.8674
28.5285
28.3279
28.5235
28.8536
28.9616
28.5256
29.0013
28.5841
28.4562
29.1331
29.2177
28.846
29.1147
28.6038
28.8659
29.1657
28.9304
28.4854
28.5275
28.5411
28.8129
29.0581
28.5853
28.4957
28.5329
28.4632
28.7685
28.9573
28.5359
28.9397
28.8453
28.5514
28.6792
28.6475
28.4878
28.3175
28.3846
28.5981
28.4461
28.3179
28.5023
28.7863
28.9019
28.7497
28.8121
29.0776
28.5917
29.005
28.8084
28.6881
28.9219
28.5459
28.3795
28.9468
28.6285
29.1986
28.8215
28.9635
28.3905
28.0929
29.1093
28.7674
28.6694
28.8967
28.745
28.8828
29.1177
28.9943
28.9523
28.8815
28.752
28.5202
29.3231
28.8066
28.7028
28.8681
28.6334
28.6846
28.6969
29.0819
28.9207
28.9524
28.8982
28.4391
28.8844
28.9232
28.7054
28.749
28.7262
28.6448
29.1176
29.1968
28.5227
28.9146
28.7852
28.9631
28.4561
28.7223
28.3773
28.7385
28.451
28.6045
28.7818
29.0904
28.7566
28.7605
28.9861
28.68
28.7268
29.1144
29.2987
28.7246
28.6207
28.5655
28.518
28.6992
28.9642
29.0928
28.684
28.5239
28.8282
28.8992
28.8822
28.7182
29.152
28.5784
28.6173
28.4958
28.7155
28.8554
29.0426
28.5262
29.0805
28.9452
28.7695
28.9784
28.7454
28.5293
28.6717
28.8812
28.5177
29.1137
29.0552
28.9173
29.1915
28.9423
28.5452
28.9196
29.0698
28.7252
28.9776
28.7669
28.642
28.6065
28.9537
28.6861
28.8652
28.9767
29.0549
28.4623
28.5914
29.0206
28.5652
28.7055
28.8354
28.5908
28.6813
28.8286
28.8413
28.5011
29.2464
29.1507
29.0573
28.9836
28.849
28.9032
28.8439
28.3729
28.7615
28.9535
28.8635
28.9635
28.7792
28.9675
28.7391
28.5756
28.7215
28.4208
28.5269
29.0153
28.9699
28.6612
28.6499
28.7913
28.7971
28.7129
28.5312
28.6343
28.7956
28.7563
28.7599
28.8927
29.089
28.7274
28.7943
28.7214
28.258
28.973
29.1549
28.6428
28.9608
29.1326
28.7888
29.161
28.9671
28.8137
28.9176
28.4829
29.1229
28.5254
28.3937
28.554
28.908
28.4063
28.8015
28.7415
29.0663
29.0971
28.9916
28.5642
29.2609
29.0257
28.7763
28.6493
28.8444
28.85
28.7602
28.9274
28.9297
28.4703
28.9346
28.7988
28.8015
29.1121
29.0367
28.5158
28.8259
28.5933
28.6998
29.0392
28.846
28.6439
28.587
28.7974
28.6129
28.7906
29.3399
29.1791
28.6432
28.5266
28.6658
29.0045
28.7254
28.6838
29.1341
28.7122
29.0972
28.8993
28.6955
28.7752
28.8679
28.6717
29.1068
28.9027
28.7848
29.3893
29.2751
28.4458
28.9248
28.7386
28.3394
28.6132
28.8473
28.8611
28.6756
28.5761
28.9667
29.4179
28.6316
28.3302
28.4818
28.7226
29.064
28.7522
28.6228
28.816
28.6102
28.5574
28.816
29.3328
28.9974
28.7871
28.7194
29.1462
28.1965
28.7373
28.709
28.6497
28.9182
29.1284
28.6097
28.9298
28.8165
28.585
29.0415
28.457
28.7242
28.2962
28.4725
28.4793
28.5224
28.8457
28.4837
28.814
28.865
29.004
28.623
28.8224
28.8156
29.043
29.0152
29.1421
28.7551
28.9857
28.8263
28.8669
29.0119
28.9543
28.9189
29.0955
28.9326
29.1319
29.166
28.3148
28.4752
29.1513
28.6009
28.3798
28.5338
28.6205
28.7429
29.2788
28.9592
28.5726
29.1754
28.6364
28.5375
28.7812
28.7616
28.9954
28.8869
28.771
28.9979
28.888
28.9601
28.7075
29.0037
29.0142
29.2528
28.8732
