18.4181
18.4307
18.3989
17.918
18.115
17.7618
17.8127
18.3
18.0164
18.2953
18.4663
17.8914
18.3804
18.0102
18.6128
17.9651
18.1025
18.2183
17.4571
18.096
17.9898
18.0614
18.2773
18.1353
18.2141
18.1997
18.0232
18.2626
18.1029
17.973
18.2201
18.3812
17.8563
18.1904
18.019
17.9453
18.4798
17.6754
18.0944
18.1277
18
18.1464
18.1455
17.9722
18.0126
18.2804
18.3664
17.8825
18.1362
17.7109
18.003
18.3869
18.0559
18.1993
18.2626
18.1431
18.1293
18.1911
18.3558
18.2465
18.0394
18.0728
18.6782
18.0291
17.7819
18.015
18.2029
18.2324
18.0843
17.7839
18.0444
18.046
18.1934
18.1943
18.2303
18.1903
17.7174
18.2315
18.0587
18.0789
17.984
18.3663
18.2256
17.8003
18.138
18.5255
18.8564
18.1024
18.0566
18.0005
18.2211
18.162
18.1775
18.4302
18.1564
18.3014
18.2697
18.2907
17.8169
18.4849
18.2785
18.3657
18.4737
18.3532
18.2452
18.7067
18.4396
18.3479
18.2905
18.265
18.2316
18.3603
18.3766
18.2458
18.2329
18.5711
18.1438
18.0677
17.917
17.8918
17.8991
18.368
18.2394
18.3957
18.0031
18.0069
18.3316
17.7707
18.0522
18.4805
18.1633
18.4255
18.2065
17.956
18.5903
18.0847
18.3535
18.1586
17.9703
18.1506
18.3207
18.7109
18.1314
18.0958
18.4044
17.9097
18.4285
18.1313
18.5626
17.9407
18.5676
18.4143
17.9241
18.2939
17.9666
18.3045
18.2222
18.2288
17.969
18.8736
18.0602
18.6038
17.9913
18.3268
18.0865
18.429
18.2094
17.9773
18.115
18.1224
18.24
18.5894
18.6939
17.8201
18.4849
17.9685
18.2718
18.1892
18.0252
18.3154
17.8997
18.1795
18.092
18.395
18.5597
18.1961
18.4725
18.1786
18.1128
18.1037
18.5978
18.2001
18.4347
18.1646
18.2434
18.2306
18.0515
18.5584
18.383
18.2557
18.3317
18.194
18.448
18.3935
18.3407
18.1256
18.1647
18.3406
18.5628
18.5011
18.4143
18.0495
18.4548
18.3396
18.4948
18.3775
18.0523
18.367
18.7119
18.3176
18.3226
18.7679
18.1692
18.0751
18.48
18.4708
18.8433
18.2223
18.5087
18.427
18.177
18.542
18.4862
18.3513
18.1942
18.4497
18.3249
18.4774
18.1566
18.0844
18.6964
18.292
18.3258
18.6436
18.4893
18.7684
18.2868
18.1768
18.5834
18.3684
18.3188
18.3839
18.4038
18.2998
18.5303
18.105
18.6809
18.5171
17.9785
18.1181
18.5005
18.1542
18.5486
18.3598
18.2375
18.4109
18.2648
18.5375
17.9673
18.2628
18.4161
18.2184
18.6558
18.2743
18.278
17.9489
18.9048
18.1858
18.0322
18.012
18.6127
18.7879
18.1851
18.4395
18.2182
18.0649
18.0124
18.271
18.4651
18.2802
18.4568
18.2909
18.5775
18.2082
18.4648
18.1464
18.4919
18.4004
18.454
18.364
18.3799
18.4203
17.879
18.477
18.332
18.4031
18.2543
17.8628
18.1252
18.197
18.2725
18.0323
18.1543
18.1258
18.2318
18.3023
18.5126
18.8633
18.9184
18.0445
17.8817
18.3392
18.5804
18.0505
18.3068
18.3411
18.246
18.2419
18.1001
18.6863
18.4821
18.3526
18.2508
18.4866
18.1198
18.1059
18.359
18.2042
17.7782
18.5758
18.5388
18.1237
18.2744
18.1228
18.5648
18.2094
18.5438
18.9271
18.0693
18.3214
19.0361
17.9742
18.4376
18.2925
18.2154
17.989
17.6116
18.3707
18.3248
18.5476
17.9643
18.5845
18.1254
18.2104
18.3062
18.5469
18.0758
18.0928
18.3866
17.8803
18.3558
18.3407
18.4484
18.2481
18.0883
18.2427
18.2904
18.4322
17.9817
18.1344
18.4893
17.8969
18.1851
18.1341
18.4792
18.4525
18.2339
18.1577
18.4001
18.4514
18.2105
18.2672
18.1071
18.1068
18.4458
18.2148
18.1417
18.1193
17.8474
17.8268
17.9452
17.9704
18.2146
18.3346
17.9163
18.1371
17.8249
18.3723
17.9987
17.9907
17.9109
18.0878
17.9182
17.9621
18.367
18.5379
18.3483
18.1927
18.0439
17.6468
18.141
17.6629
18.4455
18.1917
18.2167
17.8684
17.8031
18.4293
18.1782
18.1802
18.1301
18.5145
18.0675
18.0222
18.1958
18.2507
17.972
18.4938
18.0506
18.3293
18.1768
18.4588
18.2689
18.0646
17.8246
18.382
18.0217
18.5229
18.4475
18.1146
18.0917
17.9794
18.0435
18.4847
18.3635
17.9118
18.4279
17.9925
18.3432
17.7704
18.4107
18.0701
17.8632
17.8841
18.0929
18.3133
18.0854
18.4159
17.5354
17.8997
17.7088
18.2259
18.7483
18.669
17.8993
18.5247
17.8028
18.0336
18.0475
18.3363
17.9138
18.0751
18.4969
18.1494
17.8172
18.1661
17.8044
18.2624
18.5505
18.723
18.6238
17.9757
18.3698
18.0795
18.3633
17.9989
18.1812
18.1445
18.031
18.3569
17.8802
18.2456
18.0074
18.3459
18.2293
18.0621
18.3292
18.4537
18.4586
17.9419
18.2244
18.5404
18.1954
18.3839
18.1557
18.0663
17.9439
17.9905
18.5693
18.248
18.3783
18.126
18.5279
18.0672
18.0538
18.1528
18.1701
17.6191
18.3404
18.1279
18.3403
18.1501
17.5817
18.0302
17.8395
18.0298
18.2506
18.2439
18.4541
18.3452
18.4652
18.5368
18.2239
18.2858
18.2819
18.1664
17.9149
18.3912
18.7731
18.2055
18.0535
18.2813
18.2209
17.868
18.4086
18.4497
18.219
18.5333
18.4581
18.4598
18.3255
17.9888
17.9389
18.2363
17.8322
18.1225
18.5227
18.0432
18.4499
18.0444
18.0622
18.4768
18.2126
18.3176
18.0274
18.0105
18.0077
18.23
17.8787
18.2488
18.0234
18.5596
18.3743
18.2898
18.2646
18.5407
18.3381
18.5271
18.1095
18.3338
18.18
18.0316
18.165
18.1804
18.323
18.48
18.5256
18.3452
18.6434
18.2363
18.6066
18.4157
17.9055
18.4782
18.3508
18.207
18.5767
18.1089
18.3436
18.4003
17.9091
18.3936
18.5636
18.2198
18.2204
18.1457
18.6389
18.1845
18.3786
17.747
18.3338
18.2898
17.9522
18.4362
18.1312
18.3003
18.45
18.2311
17.9683
18.4203
18.128
18.6659
18.5148
18.2404
18.1142
18.0978
18.4825
18.1219
18.4617
18.3612
18.5294
18.3136
18.1567
18.1014
18.5317
18.9028
18.1894
18.6796
18.6716
18.4049
18.3967
18.3245
17.9563
18.3434
18.4911
18.162
18.2435
18.2841
18.2673
18.6622
18.1967
18.4005
18.4185
18.3202
17.7475
18.2221
18.2665
18.1366
18.2556
17.9853
18.5515
18.0488
18.036
18.1826
18.1261
18.6577
17.733
18.2207
17.9695
17.9438
17.9867
18.0958
18.0167
17.8249
18.3625
17.9005
18.1433
17.9818
18.5651
18.3324
18.5502
18.1693
18.5967
18.1766
17.9162
18.1531
18.2053
18.133
18.2267
17.8646
18.1443
18.5308
17.8813
18.448
18.0299
18.1536
18.1767
18.0709
18.3576
18.2145
18.2199
18.3428
18.0801
18.4796
18.009
18.0301
18.1719
18.0948
17.7387
18.0464
18.3908
18.512
17.7819
18.2093
18.1995
18.1251
18.6715
18.2492
18.3292
18.3515
18.0291
18.2092
18.399
18.5129
18.1221
18.3692
18.2462
18.5022
18.1435
18.4245
17.9617
18.1894
18.4062
18.2243
18.6515
17.9925
18.2981
18.0983
17.7327
17.7677
18.6532
18.5155
18.103
17.9343
18.3559
18.1646
18.4276
18.3504
18.0508
18.2113
18.1976
18.6676
18.3732
18.003
18.5737
18.435
18.6581
18.3917
18.172
18.5651
18.5143
18.122
18.2234
18.2263
18.1401
18.421
18.2696
18.0417
18.4882
18.6135
18.4457
18.2653
18.1824
18.0928
18.3865
18.0172
18.6004
18.334
18.678
18.4306
18.2025
18.5527
18.3738
17.4624
18.4894
18.4289
18.0542
18.2816
18.1171
18.1494
18.1378
18.3684
18.322
18.3655
18.3806
18.5551
18.325
18.4669
18.201
18.4482
18.2557
18.6247
18.4058
18.2072
18.6421
18.495
18.0051
18.5154
18.5089
18.0085
18.3828
18.6969
18.6017
18.2874
18.5849
18.0099
18.3918
18.3839
18.3567
18.078
18.7962
18.0766
18.1945
18.5448
18.561
18.1708
18.2675
17.988
18.242
18.4141
18.3119
18.239
18.8164
17.7009
18.7316
18.2259
18.2306
18.4815
18.5501
18.2053
18.414
18.2205
18.576
18.2597
17.9026
18.3776
18.6801
18.0569
18.2177
18.36
18.3992
18.1442
18.3014
18.3083
17.9176
18.0968
17.9694
18.5271
18.4772
18.2249
18.3651
18.1841
18.2914
18.4078
18.1841
18.2735
18.291
18.564
18.508
18.4589
18.6017
18.282
18.4852
18.1734
18.1076
18.0952
18.108
18.89
18.4763
18.3107
18.359
18.7794
18.2622
17.8969
18.1808
18.4974
18.4478
18.0645
18.1182
18.347
18.4868
17.9004
18.3715
18.2418
18.4532
18.3023
18.2741
18.5028
18.6341
18.4667
18.4558
18.2136
18.32
18.5679
18.7567
18.2046
18.3064
18.4168
18.512
18.3184
18.5883
18.0822
18.675
18.4149
18.7521
18.3472
18.403
18.5717
18.0261
18.3009
18.2099
18.2196
18.6885
18.5781
18.4691
18.182
18.372
18.3617
18.2678
18.5328
18.466
18.4849
18.4105
18.3415
18.0422
18.4502
17.9155
18.2089
18.3295
18.0742
18.2334
18.4301
18.4889
17.8385
18.4628
18.1189
18.1848
18.2602
18.1093
18.5554
18.5442
18.1159
18.2109
17.9704
17.8623
18.275
18.0313
18.2071
17.9826
18.299
18.215
18.5548
18.2417
18.3507
18.296
18.1291
18.2323
18.4054
18.3283
18.1812
18.5101
18.1824
18.2735
18.6046
18.1692
18.031
18.1565
18
18.3849
18.2585
18.2434
18.1965
17.669
17.9009
18.3891
17.8819
18.1463
18.5772
18.7128
17.8902
18.2034
18.1425
18.3994
18.0929
18.0053
18.3834
18.2588
19.061
18.3574
18.8504
17.9937
18.2141
18.107
18.4459
18.3218
17.908
18.7015
18.2074
18.0454
17.6097
18.3922
18.4606
17.6093
18.2854
18.5286
18.1541
18.317
18.2669
18.44
18.3295
18.4773
18.4917
17.9269
17.8635
18.5176
18.0604
18.5027
18.5108
18.3881
18.5408
18.3792
17.8974
18.4644
18.5631
18.3493
18.122
18.7075
18.6203
18.4132
18.3963
18.5404
18.0377
18.4064
18.6811
18.4951
18.3117
18.6053
18.4473
18.5399
18.3334
18.3879
18.6027
18.3187
18.4032
18.2641
18.2205
18.6683
18.3648
18.5609
18.7196
18.3666
18.6824
18.7697
18.2631
18.3109
18.1374
18.5445
18.1977
18.3693
18.4523
18.406
18.4596
18.2506
18.2443
18.1177
18.5172
18.2943
17.9884
18.5039
18.2869
18.4746
18.8693
17.9231
18.6992
18.2173
18.4579
18.3127
18.0546
18.2359
18.3779
18.7093
18.3677
18.0496
17.8686
18.5262
18.2476
18.3157
17.9615
18.3835
18.6547
18.5329
18.0503
18.2536
18.492
18.0171
18.4829
18.2277
18.1733
18.289
18.2103
18.2121
18.1334
18.2484
18.3713
18.3892
18.1856
18.0978
18.3689
17.7623
18.0991
18.3293
18.1078
18.3534
18.4981
17.9984
18.1632
17.9681
18.1817
18.1496
18.2214
18.7429
18.0198
17.8487
17.8221
17.8223
18.0675
18.2891
18.2855
18.5534
17.849
17.9669
18.2933
18.216
18.3697
18.1481
18.1155
18.4568
17.8312
18.4135
17.8956
18.4533
18.2348
18.2496
18.2762
18.032
18.2267
18.3877
18.1727
18.5939
18.2384
17.9681
18.3758
18.1172
18.1959
18.3603
17.7677
17.7743
18.5198
18.8683
18.4364
18.198
18.3597
18.3722
18.0692
18.6293
17.9885
18.0301
18.3741
18.346
18.0224
18.1356
18.5258
18.3238
18.2274
18.2672
18.3722
18.4981
17.7647
18.0018
18.4555
18.124
17.8926
18.2264
18.5139
17.8784
18.2313
18.3007
18.312
18.123
18.1739
18.3154
17.9664
18.0622
18.208
17.6791
17.9794
17.8103
18.0219
18.3882
18.2971
18.0363
18.0805
18.3526
18.1925
18.1569
17.9418
18.3764
18.2497
18.109
18.5308
18.0304
18.4588
18.2723
18.1875
18.3665
18.0388
18.1943
18.2963
18.5827
17.9996
18.0866
18.2609
18.3263
18.0697
18.426
18.0811
18.0181
18.6549
18.1653
18.1055
18.2041
18.165
17.9813
17.816
18.3165
18.3848
17.8656
18.5892
18.4105
18.3523
18.0532
18.4529
17.8384
18.4935
18.4258
17.8745
18.4055
18.2178
18.4531
18.1527
18.2337
17.7869
17.8309
18.3751
18.3443
18.3794
18.2662
18.2429
18.0499
17.7827
17.7893
18.3493
18.6524
18.2976
18.1346
18.0804
18.037
18.0208
18.3472
18.0752
18.0485
18.3174
18.7029
18.2833
18.0932
18.4323
18.2865
18.5722
18.4342
18.0497
18.3698
17.9569
17.982
18.4507
17.8964
18.0597
18.4487
18.4078
18.2355
18.2609
18.3293
17.9106
17.9744
18.0406
18.2395
18.3328
18.0086
18.2479
18.2483
18.1747
18.1731
18.2295
18.2429
18.2014
18.3373
18.1318
18.1584
18.5797
18.1665
18.2901
18.2989
18.2652
18.4995
18.3132
18.3832
18.3274
18.4849
18.0212
18.2288
18.3577
18.121
18.1592
18.4965
18.4949
18.5733
18.2056
18.4767
17.8653
18.5026
18.3186
17.793
18.1218
18.43
18.5622
18.4805
18.4519
18.309
18.3079
18.4977
17.9684
18.3651
18.1144
18.3729
18.35
18.3152
18.1564
18.1927
18.4907
18.0399
18.493
18.3235
18.3092
18.6079
18.1663
18.1458
18.5142
18.2708
18.1131
18.8075
17.875
18.429
18.2724
18.577
17.9476
18.7339
18.3345
18.5623
18.2125
18.2379
18.5676
18.6308
18.4958
18.2935
18.18
18.4207
18.0666
18.8668
18.362
18.3733
18.1022
18.1347
18.3722
18.5187
18.8296
17.9727
18.2201
18.6258
18.5558
18.2555
18.2085
18.4403
18.1268
18.4745
18.2642
18.1793
18.4735
18.6398
18.3981
18.4348
18.5387
18.6764
18.0446
18.5389
18.3986
18.5657
18.3523
18.7978
18.3786
18.6564
18.2401
18.4321
18.3253
18.1476
18.2421
18.1549
18.6643
18.2555
18.6592
18.2438
18.3394
18.6349
18.47
18.0937
18.4276
18.5355
18.5039
18.3933
18.3848
17.794
17.9885
18.4234
18.7692
18.4045
17.9982
18.7644
18.0968
18.5455
18.5646
17.943
18.2143
18.8107
18.523
18.5968
18.331
17.8117
17.9815
17.2796
18.3758
17.8193
18.0359
18.1769
17.9355
18.2396
18.2756
17.6344
18.1675
17.8143
18.059
18.0402
18.3889
18.544
17.9839
18.2131
18.5698
17.9943
18.0108
18.1243
18.0913
18.0789
18.1041
18.2043
18.3797
18.1028
18.4526
18.1874
17.8784
18.1831
18.4232
17.9736
17.7569
18.0411
18.2709
18.3102
18.4006
18.2029
17.8975
18.1607
18.5603
18.0655
18.0539
18.0266
18.1347
18.1667
17.5437
17.9141
18.2437
18.4756
17.5776
17.9555
18.191
18.2438
18.1401
18.1009
18.1529
17.846
18.5415
18.1901
18.1782
18.1455
18.2264
18.3013
18.0744
17.8219
18.3834
18.1658
17.8606
18.0098
18.2681
18.0163
18.0713
18.1924
18.1821
18.084
18.4018
18.1372
17.767
17.9008
17.7096
17.5759
18.1009
18.0777
18.2347
17.7159
17.569
18.3603
18.4679
18.317
18.3836
18.3645
18.3679
18.3057
18.0357
18.1729
18.1146
17.9715
18.3334
17.8798
18.051
18.536
18.0511
17.8719
18.0657
18.0138
17.9031
18.3967
18.3318
18.2618
17.6428
18.2649
18.1894
18.1594
18.2573
17.9509
18.8253
18.2704
18.2453
18.2067
18.2029
17.9829
18.1412
18.1365
18.318
18.2049
17.7034
18.2349
18.1474
17.92
18.3966
18.2367
17.719
18.3762
17.9328
18.7185
17.8289
18.016
18.1225
17.9353
18.3309
18.3902
17.8902
18.2403
18.2464
18.1454
17.9275
18.4131
18.1834
18.727
17.7157
17.8587
17.9026
18.4861
18.1654
18.1081
18.0834
18.2675
18.2623
18.3594
18.1738
17.6287
18.0779
17.8799
18.3871
18.0227
18.3995
18.2877
18.5089
18.6098
18.0343
18.1759
18.5982
18.5253
18.3652
18.4986
18.2514
18.3828
18.1986
18.2562
18.0878
18.1367
18.2142
17.6788
17.8869
18.4053
18.3999
18.6689
18.6484
18.1582
18.3905
17.9265
18.2794
18.5491
18.5665
18.3121
17.9538
18.6733
18.6325
18.7019
18.631
18.3716
18.5804
18.5467
18.1224
18.7617
18.4166
18.1537
17.9697
18.0154
18.4974
18.4204
18.6278
18.3189
18.211
18.1679
18.3466
18.5547
18.469
18.2446
18.0063
18.0588
18.0077
18.1907
18.1761
18.3249
18.1232
17.9562
18.41
18.1016
18.5745
17.8488
18.3087
18.462
18.128
18.1693
18.4242
18.3937
17.9524
18.1559
18.3444
18.2262
17.8988
18.2595
18.0282
17.6758
18.2054
17.9185
18.1086
17.9137
18.1909
17.8979
17.9377
17.8721
18.1018
17.9876
17.5906
18.0019
17.7971
17.9834
18.2102
17.8469
17.8262
17.9312
17.9433
17.9721
17.8468
18.0758
17.8812
17.9338
18.049
17.5648
18.4262
17.8577
17.9605
18.0827
17.3618
17.8337
17.8206
17.7141
18.1583
18.0391
17.9673
17.876
17.7178
17.9533
18.2942
17.8398
18.0992
18.362
17.7317
18.1991
18.1022
17.9799
18.0284
18.3195
18.2018
17.8908
18.3315
17.7143
17.7822
17.8165
18.1544
17.962
17.8473
18.3063
17.9448
17.589
17.9011
18.3394
18.2576
17.6379
17.9128
17.8012
17.8349
17.9039
17.8036
18.0943
18.1309
18.1705
18.1322
18.1445
17.6711
18.0164
18.0524
18.8893
18.1924
18.0635
18.5026
18.4642
18.4232
18.2315
18.4622
18.2893
18.2483
18.1452
18.4841
18.2276
18.3075
18.2549
18.1679
18.3824
18.0579
18.2793
18.2919
18.1643
18.5693
18.3926
18.6941
18.6414
18.1394
18.3872
18.4437
18.3098
18.0411
18.2099
18.8432
17.9383
18.1137
18.4696
18.1168
18.6042
18.6937
17.8601
18.4766
18.6233
18.3165
18.2252
18.0307
18.3159
18.3224
18.4273
18.1768
18.5224
18.4079
18.3662
18.0446
18.345
17.8861
18.5337
18.2706
18.106
18.1634
18.3051
18.6246
18.0386
18.455
18.3134
18.1348
18.5826
18.0543
18.303
18.7853
18.2623
18.1995
18.2788
18.5629
18.137
18.2042
18.6583
18.3577
18.4132
18.0813
17.958
17.8793
18.0066
17.9483
18.1297
18.129
17.9143
18.2208
18.0544
18.2975
17.8867
18.4617
18.6238
18.3915
18.1196
17.9161
18.2225
18.1177
18.4601
18.3358
18.3499
18.3454
18.115
17.8213
18.1945
17.7404
18.0338
18.079
18.284
17.8922
18.0913
18.008
17.8326
18.0881
18.4184
18.0529
18.1594
18.6639
18.1681
18.1562
18.3733
18.2967
18.0996
18.1905
17.9403
18.114
18.2726
17.6614
18.3143
18.3613
17.9449
17.6901
18.0724
18.0863
18.3065
18.3116
18.0337
18.0289
17.8473
18.1466
17.9066
17.9431
17.7984
18.0301
18.0849
18.3485
18.1235
18.087
17.9806
17.8426
18.3954
18.1807
17.7825
18.2419
18.0853
18.3863
18.0586
18.1762
18.0761
17.7734
18.2479
18.3311
18.2813
18.2425
18.4083
18.3398
17.8079
17.9715
18.2588
18.1338
17.8017
18.3692
17.7543
17.9648
18.2436
18.185
18.0455
18.0131
18.1397
18.5883
18.3598
18.4155
17.804
18.5182
18.4839
18.2988
18.2199
17.6858
18.2466
18.1749
18.0517
18.3301
18.1331
18.2824
18.2951
17.9684
18.6571
18.6872
18.3605
18.3604
18.5576
18.1997
18.4174
18.2059
18.1557
18.435
17.8246
18.5146
18.4422
18.7276
18.1464
18.1752
18.4594
18.2438
18.107
17.8234
18.2668
17.9496
18.3641
18.1494
18.3954
18.1691
17.796
18.4951
18.4768
18.1822
18.0584
17.8876
18.13
18.1103
18.2743
18.3075
18.1481
17.8293
18.5808
17.8335
18.1737
18.2153
18.1054
18.2407
18.1942
18.2596
18.1104
18.5029
17.9894
18.2262
18.1566
17.6871
17.8797
18.4529
18.3104
18.2805
18.2514
18.2972
18.4414
18.0894
18.2952
18.4157
18.4014
18.2309
18.3786
18.6268
18.4213
18.4805
18.638
18.2491
18.4288
18.0545
18.2212
18.7068
18.3555
17.9457
17.7475
18.5904
18.4895
18.0409
18.1043
18.0507
18.0242
18.7957
18.0244
18.187
18.1429
18.6471
17.9151
18.3883
18.1204
18.3314
18.2281
18.3533
18.3229
18.1452
18.584
17.9361
18.2324
18.2139
18.5827
18.6041
18.4533
18.3003
18.1775
18.2354
18.3872
18.4017
18.0226
18.3149
18.5029
18.2114
18.2181
18.3501
18.3768
18.2918
18.2599
18.1
18.5628
18.3438
18.0695
18.3803
17.9657
18.3527
18.0734
18.1463
18.4149
18.0719
18.4386
17.9671
18.3449
18.4398
18.1932
18.4598
17.9469
17.8415
18.5102
17.8949
18.5358
18.4487
18.0438
18.1256
18.2713
17.9821
18.4449
18.3108
18.2523
18.1718
17.9144
18.2672
18.1307
18.7238
18.1361
18.2176
18.4114
17.9977
18.532
18.3872
18.392
17.8561
18.2588
18.1682
18.3948
18.0146
18.497
18.3903
18.093
18.591
17.9946
18.5128
17.723
18.4046
18.1765
18.1834
17.8605
18.4157
18.8193
18.158
18.1391
18.3641
18.2179
18.1834
18.2037
18.2936
18.3261
18.4171
18.1061
18.1933
18.1982
18.7086
18.0002
17.8921
18.1064
18.1776
18.5455
18.3342
17.9476
18.2673
18.2992
18.2527
18.0474
18.2626
18.3135
18.1727
18.4086
18.4198
18.3787
18.5712
18.054
18.0973
18.3258
18.083
17.9503
18.3081
18.691
18.2163
18.3762
18.1996
18.2298
18.2759
18.2722
18.1381
18.4686
18.5431
17.8877
18.2918
18.3927
18.3001
18.3467
18.16
18.0379
18.5938
18.0391
17.9238
18.3918
18.1046
18.1115
18.3556
18.5015
18.0556
18.3546
18.1311
18.2007
18.3921
17.9228
18.2661
17.9128
18.3271
18.2588
18.199
18.787
18.2386
17.8442
18.0887
18.015
17.8414
17.898
18.6151
18.1449
18.3753
18.5883
18.5774
18.1701
18.0788
18.4069
18.0973
18.3266
18.6105
18.2044
17.8757
18.3806
18.1102
18.0583
18.4717
18.1499
18.3383
18.2833
17.9328
18.6816
18.4291
18.0712
18.1598
18.5044
18.3918
18.1026
17.9291
18.6319
18.1484
17.9675
18.1635
17.5726
18.3974
17.9735
18.404
18.3316
18.4308
18.0782
17.7393
18.2712
18.3095
18.0632
18.2537
18.5395
18.3812
18.1363
18.1752
17.7347
18.4595
18.3316
18.1678
18.1791
18.1392
18.3971
17.9852
18.1784
18.2575
18.2913
18.3986
18.4777
18.1936
18.4502
18.0238
18.2639
18.5489
18.1195
18.1341
18.1985
18.1227
18.2369
18.2116
18.0128
18.374
18.0289
18.2599
18.3058
18.1278
18.1619
18.3306
17.8686
18.1971
18.423
18.6511
18.126
18.0015
18.1832
18.5059
18.1301
18.1211
18.2261
18.0625
18.1826
18.1703
18.3548
17.9155
18.2889
18.5231
17.9821
18.2135
18.4127
18.3972
18.1321
18.0958
17.8879
18.3036
18.6106
18.3908
18.3812
18.2282
17.9705
17.9945
18.5542
18.5554
18.2228
18.0268
18.0209
17.9015
18.0808
18.4688
17.7688
17.9539
18.0835
18.8042
18.0156
18.2336
18.1349
18.2956
18.2545
17.9574
17.907
17.8016
17.7212
18.043
17.8789
18.199
18.5146
18.5596
18.2455
18.2488
18.0027
17.8601
18.3654
18.3448
18.2547
18.0895
18.3994
17.9373
18.3353
18.175
18.5158
18.1937
18.3586
18.2801
18.5995
18.1646
18.0759
18.0958
18.3842
17.9532
18.2949
17.7532
18.1799
18.2876
18.1712
18.3251
17.7882
18.2011
18.2
17.8321
18.5148
18.0612
18.3114
18.1766
17.8955
17.8542
18.4311
17.9318
17.963
18.0141
18.2172
18.1214
18.2253
18.3942
18.5915
18.3355
18.2542
18.1853
17.8059
18.4215
17.8147
18.0477
18.1632
18.3982
18.3734
18.2143
18.3625
18.0065
18.0682
18.2515
18.0815
18.5344
17.8507
18.1425
18.004
18.3981
18.2414
17.9422
19.012
18.1779
18.2981
18.1688
18.3809
18.1381
18.2599
18.1331
18.249
18.4038
18.3999
18.5623
18.1795
18.2615
18.6131
18.3924
17.8142
18.5353
18.2984
18.1681
18.0811
18.2745
18.397
18.3863
18.1318
18.6711
18.3992
18.079
18.254
18.556
17.902
18.184
18.0795
18.4302
18.2298
18.2934
18.4732
18.1207
17.6857
18.07
18.4882
17.9803
18.2046
18.7915
17.5874
18.1992
18.2493
18.5247
18.3618
18.1569
17.978
18.1481
18.1189
17.7946
18.4614
17.9879
18.2427
18.1881
18.406
18.3635
18.1654
18.1169
18.0911
18.2711
18.3199
18.7342
18.1084
17.9836
17.9845
18.0927
18.739
18.1712
18.2082
18.2898
18.3358
18.1706
18.2675
18.3523
18.1585
18.4853
18.4768
18.2091
18.4888
18.0209
18.2584
18.404
18.2203
18.3121
18.0454
18.0703
18.2165
18.3743
18.394
17.9254
18.1699
18.1141
18.5551
18.1789
18.4037
18.6024
18.1504
18.1484
17.8826
18.116
17.9913
18.2477
17.6631
17.9878
18.3062
18.1424
18.0314
18.0595
18.3069
18.3765
18.4627
18.278
18.2715
17.9566
18.2555
17.7332
18.4446
18.4109
17.8983
18.3544
17.9725
18.4607
18.1814
18.1869
18.035
18.2204
18.0764
18.0424
18.192
18.4113
17.9549
17.8862
17.7639
18.4026
18.6264
18.8653
18.0662
17.6409
18.1068
18.0314
18.5569
18.5336
18.1239
17.8922
18.0892
18.2921
18.2604
18.0559
18.3913
18.3372
18.1061
18.2586
18.1842
18.5543
18.2614
18.4391
18.3835
18.0043
17.7451
17.9371
18.3818
18.2353
18.1348
18.574
18.1886
18.4448
18.3487
18.2167
18.2317
18.1066
18.2603
18.319
18.4054
18.3279
18.3199
18.2112
18.342
18.1432
18.1639
18.5854
18.3643
18.2947
17.9182
17.6958
18.1484
18.5769
18.0589
18.332
18.0892
18.2468
18.0131
18.3024
18.2601
18.514
18.4796
17.9725
17.8697
17.9142
18.3864
18.3304
18.0698
18.2088
18.3493
19.0136
17.8244
17.8597
18.3156
18.1342
18.4522
18.3356
18.111
17.6206
18.4085
18.4552
18.2145
18.0466
18.3175
18.4579
18.5334
18.3022
18.4715
18.164
18.7399
18.3491
18.5408
18.1612
18.0668
18.2784
18.3606
18.3471
18.2832
18.1
19.0238
18.4629
18.5876
18.8105
18.4145
18.7283
18.4163
17.9665
18.2261
18.6812
18.7394
18.4987
18.0817
18.6119
18.4951
18.1267
18.1119
18.5794
18.3702
18.6162
18.2289
18.1473
18.6051
18.2359
18.2248
18.7436
18.2597
18.4801
18.2938
18.6973
18.4529
18.0458
18.172
18.6526
18.284
18.4632
18.8545
18.5207
18.5459
18.1348
18.1327
18.2685
18.7557
18.1953
18.2565
18.3954
18.2476
18.5264
18.5217
18.3774
18.1961
18.1864
18.2306
17.8405
18.3972
18.1185
18.4338
18.2941
17.9918
18.2934
18.4295
17.9401
18.1862
17.8926
18.5262
18.05
18.3613
18.3094
18.7968
18.1822
18.264
18.2793
18.014
18.4123
18.2901
18.3982
18.2378
18.2234
18.0554
18.0255
18.18
18.3213
18.1773
17.89
18.035
18.5361
18.1577
17.9203
18.2645
18.1042
18.2653
18.3544
18.4071
18.0543
18.1298
17.9855
17.9671
18.0343
18.1242
18.4279
18.2957
17.6793
18.0506
18.211
19.0052
17.941
18.0385
18.1702
18.0108
18.221
17.9272
18.0425
18.0235
18.4891
18.3026
18.3908
17.8337
18.3962
17.9729
18.361
18.114
18.4745
18.2429
18.289
18.3121
18.4666
18.4317
18.4594
18.504
17.929
18.0395
18.5639
18.4297
18.5202
18.0426
17.9406
18.4538
17.9499
18.1214
18.4927
18.134
18.1331
18.2929
18.1875
18.3451
18.1422
18.6907
18.0933
18.2195
17.923
18.7239
18.047
18.1629
18.092
18.1278
18.4362
17.8206
18.5931
18.5292
18.311
18.435
18.0017
17.8917
18.3837
18.3383
18.104
18.095
18.1095
18.2839
18.8389
18.6638
18.0516
18.3735
18.2318
18.1413
18.313
18.4234
18.0267
18.4738
18.0493
18.1917
17.8546
18.2721
18.3805
18.1171
18.3289
18.1596
18.4494
18.4795
18.3162
18.4127
17.8781
18.2077
18.5974
18.0299
18.5261
18.2936
18.2528
17.8996
18.0075
18.3464
18.2562
18.4764
18.2117
18.5803
18.1394
18.3426
18.0183
18.4654
18.3484
17.9016
18.1647
17.9482
18.1549
18.1858
18.4473
18.143
18.1415
18.4148
18.4447
17.7402
18.3401
18.7021
17.9782
18.2084
18.1807
18.2859
17.6891
18.1511
18.2452
17.9072
18.1113
18.0153
18.6011
18.0996
18.2856
18.1426
18.1218
18.2697
18.5669
17.871
18.2096
18.4419
18.3322
18.1793
18.3132
18.0938
17.9373
18.0841
17.791
17.8253
18.1926
18.2314
18.2528
18.0297
18.0711
18.1654
18.0961
18.295
18.4937
18.579
17.9433
17.8901
18.1444
18.0626
18.0966
18.4326
18.1457
18.0861
18.6077
17.8653
18.1373
17.7689
18.0439
18.0518
18.4651
18.3069
18.1499
18.1136
17.893
18.2014
18.2152
18.1245
18.0156
18.6149
18.3341
17.9065
17.9531
18.2383
17.8439
17.9044
18.0539
17.7965
17.9954
18.2437
18.3011
18.5202
18.2269
17.9736
18.4232
18.0027
18.2253
18.2448
18.1586
18.0408
18.2034
17.9882
18.4143
17.8331
17.9889
18.1509
17.7194
18.4587
18.3215
18.4736
18.3512
18.1738
18.3911
18.305
17.7985
18.4659
18.457
18.2886
18.4676
17.8151
18.2545
18.2528
18.1305
18.3267
18.3191
18.4964
18.334
17.8039
18.5462
18.7429
18.1813
18.2737
17.7634
18.2231
18.2828
18.0557
17.6691
18.5886
18.5298
18.1192
18.4036
18.3491
18.1172
18.6206
18.242
18.7196
18.9338
18.3139
18.2256
18.1071
18.4155
18.4344
18.1545
18.8532
18.0012
18.2599
18.1303
18.4623
18.0182
18.4706
18.2976
17.8136
18.0817
18.6826
18.4013
18.1746
17.5827
17.986
18.1106
18.0165
18.007
17.9554
18.3109
18.1592
17.9544
17.8683
17.9885
18.0609
18.2164
17.9208
18.19
18.3012
18.4317
18.0897
18.1495
17.777
18.128
18.5812
18.1786
18.2264
18.3868
18.2806
18.1387
18.2145
18.0128
18.561
18.0562
17.7851
18.1105
17.6207
17.9803
18.383
17.9826
18.2403
18.1842
18.4208
18.4873
18.169
17.8718
17.8094
17.8886
17.7813
18.3671
18.1749
18.1984
18.0736
18.1716
18.2025
18.1265
18.2383
18.0472
17.9173
18.3831
17.9948
18.0164
17.9818
17.8404
18.2814
18.2395
18.9585
18.1226
18.2838
18.2521
17.8706
18.2377
18.5794
18.5011
18.479
18.0606
18.2273
18.1526
18.5812
18.0967
18.5005
18.5561
17.9666
18.225
18.6879
18.3139
18.4758
18.6262
18.3796
18.0154
18.0355
18.3795
18.4382
18.3997
17.8705
18.4408
18.3134
18.72
18.5321
18.327
18.3334
18.3709
18.3143
18.7357
18.0024
18.4432
18.5378
18.3413
18.2636
18.1335
18.8381
18.6377
17.7465
18.4161
18.4757
18.1525
18.5371
18.3106
18.2692
18.2597
17.9003
17.9517
18.0192
18.5657
18.1439
18.0916
18.3771
18.3345
18.0257
18.202
18.2467
18.0553
18.4248
18.3027
18.3949
17.8679
17.9682
18.1774
18.2924
18.2464
18.0078
18.2865
17.9865
18.4001
18.0849
17.9212
18.212
18.1817
17.9143
17.8977
18.1667
18.0021
18.1546
18.1052
18.3218
17.9947
18.1853
17.9169
18.4945
17.9524
18.2752
17.9731
18.1246
18.3535
17.8664
18.0028
17.9159
18.1849
18.2101
18.2632
18.3751
18.344
18.3178
18.0086
18.1403
17.8245
18.1304
18.1215
17.9572
17.6441
18.0179
18.7007
17.9403
18.245
18.0055
17.9239
18.5792
17.8796
18.6992
17.9754
18.117
17.942
18.6212
18.2419
18.1037
17.908
17.9865
17.9078
18.4047
18.2802
17.9949
18.4171
17.7992
18.5147
18.4243
18.0853
18.0616
18.168
18.1655
18.1695
17.7294
18.0135
18.0674
18.2461
18.4332
18.4536
18.337
18.2155
18.3846
18.117
18.3889
18.0256
17.9664
18.4972
18.0355
18.0643
18.0411
18.5655
18.9309
18.347
18.03
18.7959
18.0802
18.1693
18.3957
18.1403
17.9768
18.5045
18.5112
18.4583
17.9598
18.0655
18.5262
18.4095
18.2428
18.2499
17.7549
18.3215
18.2004
18.0523
18.6987
17.7211
18.2062
18.6247
18.4827
18.4683
18.4433
18.1947
18.124
18.1798
18.4883
18.4201
18.2974
18.4817
18.4622
17.7302
18.3343
18.3705
18.0605
18.0162
18
18.7747
18.3518
18.3027
18.3777
17.6319
18.2098
18.2149
18.2466
18.0712
18.3838
17.9473
17.9358
18.3632
18.0152
18.9564
18.1568
18.1984
18.1963
18.3303
17.9346
18.1892
18.2548
18.0197
18.1449
18.2293
18.1764
18.0766
18.2004
17.9696
17.8695
18.1485
18.463
18.495
18.2983
18.588
18.4087
18.0404
17.9989
18.5293
17.9506
18.1657
18.4015
18.2785
18.2975
18.1609
18.1565
18.2876
18.4332
18.0759
18.3969
18.2092
18.523
18.4067
17.8349
18.0022
18.2884
18.5334
18.5437
18.2879
18.3871
18.5319
18.5084
18.461
17.8653
17.7037
18.057
18.1857
18.0846
18.2756
18.2448
18.7248
18.2704
18.2628
18.1466
17.8284
18.7469
18.1797
17.8513
18.2625
18.5051
18.5509
18.2636
18.014
17.7286
18.3244
18.2599
18.3007
18.184
18.0685
18.0731
18.6208
18.1458
18.6222
18.1848
18.1984
18.4284
18.4424
18.2167
18.3855
18.0632
18.7354
18.5267
18.2493
18.2194
18.4369
18.1469
18.1867
18.3015
17.9617
18.1257
18.0586
18.433
18.4236
18.2668
18.2866
18.3884
18.2161
18.0372
18.3095
18.1031
18.2538
18.4757
18.0113
18.0015
18.4994
18.4352
18.2847
17.5466
18.2949
18.0648
18.145
18.1267
18.4556
18.1581
18.0069
18.2446
18.239
18.4072
18.33
18.5969
17.9701
18.6515
17.959
18.3379
18.4598
18.006
18.04
18.1112
17.9449
18.2835
18.1963
18.3061
17.9955
17.8493
18.7933
17.8496
18.5231
17.9533
18.129
17.8012
18.4025
18.3407
17.8488
18.367
18.2551
18.5057
18.047
18.1108
17.8899
18.0509
18.1943
18.1797
18.2375
17.9063
18.8001
18.2878
17.8158
17.7938
18.1972
18.795
18.2489
18.1173
18.3027
18.2804
18.1371
17.9938
17.9692
18.3562
18.3317
18.3729
18.0209
18.2176
18.3094
18.0368
18.3819
18.0257
18.1471
18.4651
18.2061
18.2096
18.2831
18.2144
18.4581
18.1056
18.6647
18.1507
18.0743
18.4041
18.5052
18.0928
18.4205
18.1683
18.3753
18.5463
18.567
18.0761
18.3002
18.2225
18.3773
18.1773
18.6245
18.1809
18.122
18.0724
17.7685
18.1998
18.2115
18.0194
18.1593
18.1434
17.8398
17.9942
18.7356
17.6952
18.4109
18.2909
18.5376
18.3247
17.749
18.1892
18.4236
18.6681
18.081
18.3614
18.0814
18.3559
18.4326
18.526
18.2398
18.0613
18.4224
18.3457
17.9687
18.1803
18.7237
18.2241
18.4713
18.55
18.3958
18.5371
18.5106
18.1614
18.3527
18.0449
18.3661
18.3795
18.2539
17.9073
17.905
18.0119
18.3556
18.3048
18.508
18.4178
17.8109
18.5292
18.2878
18.327
18.1608
18.1487
18.3906
18.2447
17.948
18.2141
18.8181
18.1736
18.3536
17.979
18.2438
18.1595
18.1729
18.1822
18.3077
18.5623
18.191
18.4223
18.0231
18.4429
17.9542
18.0277
18.0191
17.7536
18.335
17.9623
18.1681
18.1691
18.3495
18.0101
18.2513
18.0686
17.9085
18.0983
17.8245
18.1965
18.1722
18.1309
18.1397
18.5104
17.9659
18.3445
18.5137
18.4861
17.89
18.4068
18.1882
17.5784
18.101
17.9959
18.2206
17.9445
17.9236
18.1757
18.1398
17.7608
17.9118
18.448
18.3409
18.0722
18.283
18.3255
18.1055
18.3234
18.0069
18.0595
18.0748
18.5389
18.2092
18.0298
18.3997
18.5801
18.6102
18.2249
18.3776
18.4047
18.0135
18.8857
18.4547
18.6474
18.3688
17.8947
18.4827
18.6742
18.7759
18.4846
18.067
18.0696
18.2834
18.1233
18.174
18.351
18.2314
18.5416
18.1914
18.5005
18.6852
18.5091
18.563
18.3782
18.3817
18.5309
18.6495
18.334
18.2112
18.2095
18.4441
18.7062
18.2504
18.2195
18.2761
17.9385
18.3447
18.3693
18.0611
17.9947
18.3482
18.6409
18.3775
18.3561
18.3501
18.3647
18.1031
17.8545
18.6585
18.199
17.9974
18.3715
18.0264
18.4367
18.059
18.6373
18.2813
18.4447
18.2368
18.0958
18.1996
18.6226
18.2779
18.0073
18.3816
18.5273
18.1072
18.4037
18.2865
18.1258
18.2763
18.1057
18.3378
18.6427
18.1972
18.1619
18.0983
17.6933
18.3773
18.3957
18.808
18.1701
17.8437
18.5308
18.224
17.8386
18.6968
18.3361
18.3031
18.6728
18.2918
18.2406
17.79
18.6258
18.33
18.0932
18.2049
18.4678
18.3529
17.7066
18.7128
18.341
18.3806
18.3629
18.6983
18.3862
18.542
18.2737
18.4858
18.1123
18.5614
17.7664
18.1858
18.1625
18.3659
17.7825
18.2925
18.5455
18.0943
18.711
18.1758
18.6606
18.1244
18.3867
18.322
17.9644
18.3286
18.3716
18.6684
17.9418
18.2838
18.1938
18.1623
18.5364
18.3376
18.4745
18.0155
18.3068
18.5812
18.4192
17.8115
17.8004
18.238
18.1983
18.3706
18.469
18.2675
17.9575
18.1223
18.2836
18.3436
17.9997
18.272
17.909
17.6844
17.7696
18.1056
18.4437
18.224
18.2807
18.51
18.75
17.8365
18.1486
18.2322
18.4067
18.4874
18.2888
18.1308
18.2158
18.2768
18.0081
18.0181
17.9755
18.0393
18.2859
17.9867
18.2441
18.3762
18.3032
18.3163
17.9257
18.142
17.7945
18.1994
18.1898
18.2466
18.0568
17.9732
17.5365
17.76
18.49
18.175
18.0898
17.8515
17.9467
18.0273
18.561
18.3193
18.3334
17.742
17.8906
18.0775
18.1991
17.9639
18.1896
18.4017
18.4206
18.032
18.174
18.2033
17.8852
18.081
17.9863
18.1034
17.9744
18.1165
17.7107
18.0434
17.8872
17.7107
18.527
18.0926
18.1898
18.1545
18.1261
17.7465
18.1017
17.9525
17.8062
18.0637
18.4426
17.8466
17.9303
18.3287
17.9695
18.3825
18.3581
18.5497
18.1423
18.1892
18.0281
18.4328
18.775
18.2162
18.1761
18.1756
18.3334
18.2869
18.2765
18.6402
18.7101
18.4946
18.1842
18.6646
17.7881
18.0457
18.078
18.4211
18.2164
18.2947
18.2678
18.1006
18.0514
18.0616
18.356
18.8412
18.4983
17.8852
18.2489
18.1305
18.5758
18.348
18.3086
18.002
18.1937
18.6026
18.4753
17.8341
18.038
18.4785
18.0552
18.0455
18.4381
18.0812
18.1643
18.3332
18.4192
17.9819
18.4075
17.9564
18.2469
17.9602
18.241
18.2861
18.0734
18.6057
17.9469
18.2733
18.1902
17.9728
18.2582
18.0705
18.365
18.2408
18.2787
18.2502
17.9234
18.0213
17.994
18.8046
18.2329
18.3115
18.366
18.0756
18.1975
18.0977
17.8944
18.2386
18.1997
18.163
18.181
18.2961
18.0758
18.2768
18.2237
18.2273
18.0974
18.5521
18.3546
18.291
17.7823
18.2069
17.8304
18.5433
18.3899
17.9022
18.1605
18.1476
18.4972
18.3491
18.2053
18.2999
18.1426
18.1923
18.0183
18.2533
18.1124
18.5703
17.8585
18.2971
17.7178
18.5001
18.539
18.3157
18.3874
18.1902
18.2576
17.7662
18.3774
18.4342
18.1435
18.2572
18.3894
18.1611
18.3511
18.3411
18.1968
18.6122
18.2951
18.0447
18.5202
18.5743
18.1219
18.3504
18.0648
18.5069
18.4548
18.0136
18.1736
18.4867
18.6989
18.5931
18.4864
18.4795
18.2724
18.2588
18.2785
18.3153
18.2433
18.4792
17.9516
18.064
18.1919
18.2442
18.3971
18.3499
18.3337
18.5705
18.0055
18.3406
18.1575
18.1739
18.2569
18.4798
18.3986
18.5451
18.0795
18.3141
18.4561
17.7893
18.2556
18.4369
18.372
18.0357
17.5991
17.746
18.4456
18.4319
17.9037
18.0336
18.0678
18.5715
18.0548
18.3352
18.4635
17.9045
18.0909
18.4446
18.3732
18.2061
18.4372
18.4437
18.2281
17.963
18.4237
18.8582
17.9672
18.686
17.9944
18.2508
18.1735
18.1249
18.3817
18.1323
18.4212
18.5831
17.9956
17.7852
18.2405
17.9504
18.2912
18.9088
18.2879
18.0531
18.2035
17.9649
18.3878
18.2398
18.0984
18.2027
18.4129
18.4065
18.3207
18.2607
18.3076
18.0984
18.3177
18.2115
18.172
18.1647
17.9007
18.2336
17.7784
17.5695
18.606
18.5084
18.2107
18.0461
18.7097
18.2527
18.2113
18.6197
18.1799
17.8761
18.1128
18.2662
18.3878
18.252
18.2748
18.5073
18.7745
18.2566
18.3756
18.3345
17.9141
18.465
18.5571
18.2998
18.315
18.5694
18.7354
18.2124
18.1296
18.2755
18.0517
18.1837
18.3264
18.598
18.6336
18.6646
18.4779
18.2071
18.1363
18.4019
18.9617
18.1469
18.1824
18.2021
18.166
18.4419
17.9671
18.0568
17.989
18.2681
18.3136
18.3915
18.3025
18.2232
18.4501
18.0226
17.8717
17.98
17.7888
18.1171
18.2472
17.7275
18.03
18.1825
18.4374
18.0702
17.9389
18.0292
17.8341
18.2052
18.3352
18.1127
17.7016
18.3986
18.2849
17.8581
17.7781
17.5658
18.4646
18.4518
18.0144
18.0399
17.8929
17.6331
18.2434
18.0282
18.1805
18.0143
18.1691
18.3542
18.0713
18.551
18.3922
18.1469
18.5508
18.1471
18.2288
18.7653
18.3217
18.7218
18.367
18.9731
18.2528
18.2573
18.2936
18.3784
18.277
18.1582
18.2124
18.3782
18.5459
18.4703
18.2147
18.3583
18.5504
19.0996
18.0812
18.4894
18.1462
18.6034
18.2952
18.4595
18.6787
18.0865
18.006
18.2087
18.4317
18.3892
18.6262
18.3932
18.2073
18.3205
18.2968
18.5798
18.3658
18.4036
18.0779
18.289
18.051
18.4666
18.6784
18.431
18.276
18.2897
17.9267
18.0724
18.7296
18.2543
18.1258
18.1796
18.2179
18.5965
18.2063
18.0025
18.2005
18.3593
17.9575
18.3774
18.1365
18.0779
18.5111
18.0687
18.358
18.8378
17.9964
18.227
18.2803
18.6757
18.9423
18.2332
18.6341
18.459
18.8551
18.1088
18.184
17.8678
18.24
18.5578
18.4742
18.2837
18.0269
18.5499
18.256
18.3383
18.3273
18.267
18.7545
17.9777
18.4935
17.8418
18.1349
18.1625
18.1973
18.0884
18.2356
18.394
18.066
18.6675
18.0158
18.026
18.0636
17.7703
18.2574
17.8342
18.1606
17.9307
18.382
18.0186
18.3248
18.2941
18.1314
18.402
18.1591
18.251
17.9119
18.1928
17.9545
17.4208
18.0252
18.2165
18.9331
17.9423
18.3431
18.1589
18.2541
17.915
17.9373
18.2979
18.146
18.2423
18.0872
18.175
18.1068
18.0974
18.4532
18.2203
17.8875
17.8299
18.1187
18.2538
17.5922
18.2487
18.4496
18.0185
18.4255
18.1577
18.0137
17.8924
18.3765
17.9649
18.1529
17.8439
18.2545
18.3871
17.8981
18.1136
18.2276
18.19
18.0073
18.073
18.1948
17.7963
17.9945
18.361
17.7363
17.9142
18.3658
18.2528
17.9129
18.1058
18.0379
18.6765
17.9251
17.8594
18.1006
17.5676
18.0744
18.192
18.4246
18.1723
17.9231
18.2327
17.5848
18.1759
17.9875
18.5708
17.9899
18.1474
17.9095
18.333
18.2875
18.1833
17.8011
17.7981
17.8937
18.3277
17.9083
18.1607
18.3202
18.3017
18.5813
18.6443
18.8211
18.3372
18.4211
18.1633
18.4012
18.353
18.6979
18.3516
18.4597
18.3477
18.2857
18.7992
18.0934
18.2641
18.6379
18.2981
18.5701
18.4262
18.6863
18.1211
18.6055
18.6205
17.9458
18.2601
18.5971
18.6953
17.6697
17.8044
18.5204
17.9606
18.305
18.6796
18.4225
18.2073
18.323
18.4364
18.6054
18.1417
18.1912
18.4315
17.9583
18.0338
18.3002
18.3476
18.622
18.5191
18.32
18.4197
18.4684
18.3762
18.6114
18.3833
18.3711
18.2602
18.3998
18.8041
17.9327
17.9994
18.1063
17.9678
17.6919
17.9744
18.2309
18.1829
17.6303
17.7164
18.0395
17.6115
18.3065
17.9765
17.5976
17.8805
18.1499
18.2713
18.0059
17.9997
17.9993
18.2028
18.1613
17.8675
18.377
17.8979
18.0304
18.155
18.131
17.8632
17.9954
18.5384
18.1525
18.5764
18.3747
18.1551
18.4264
17.9607
18.5461
17.7818
18.1737
18.4892
17.9596
17.9301
18.2128
18.7404
18.4308
18.5268
18.2479
18.4584
18.1738
18.3725
18.0308
18.2467
18.2163
18.1104
18.2384
18.0841
18.3746
18.3697
18.3805
17.786
18.1977
18.2126
18.2343
18.1611
18.0724
18.1693
18.1537
17.9224
18.0073
18.4024
18.5789
17.9972
18.1544
18.1043
18.1006
18.2068
18.285
18.1296
18.1998
18.3508
18.0266
18.3409
18.5051
18.3957
18.6342
18.6675
18.4561
19.0566
18.2937
18.5857
18.2973
18.2645
18.3951
18.2939
18.1637
18.9402
18.6354
18.1519
18.4239
18.6309
18.0568
18.292
18.7957
18.5532
18.1621
18.4229
18.3382
18.2104
18.5426
18.2543
18.0922
18.0916
18.0829
17.7632
17.829
18.0011
18.3231
17.6821
17.7115
17.8888
18.1931
18.6931
18.4521
18.4717
18.0944
18.3295
18.0874
18.5223
18.1017
17.7612
18.3968
18.0566
18.1823
18.2103
18.4693
18.2464
18.7594
18.4849
18.4888
18.199
18.4492
17.9754
18.0618
18.8887
18.3564
18.6418
17.8202
18.1224
18.2091
18.3852
18.0026
18.3404
17.9428
18.3618
18.6053
18.1015
18.5045
18.2516
18.2761
18.2347
18.365
18.0307
17.6113
18.1721
17.9948
18.4607
18.0089
18.0195
18.4845
17.8371
18.2195
18.2694
17.9432
17.9357
18.4444
18.3843
18.5021
18.1012
18.3849
18.3075
18.0072
18.4575
18.0403
18.3505
17.6967
18.3882
17.8211
18.0625
18.1146
18.3261
18.4924
18.1234
18.4371
18.325
18.273
18.2522
17.9718
17.7398
18.1713
18.2426
18.1085
18.4966
18.1657
17.7822
18.0184
18.2
18.6622
17.911
18.1664
18.0734
17.9864
18.433
18.0059
17.9399
18.0186
18.2302
18.198
18.2802
18.4929
18.0076
18.6887
18.5702
18.1301
18.0506
17.8784
17.9164
18.2495
18.4396
18.2166
18.2248
18.2043
18.6569
18.2043
18.1439
18.2466
18.3065
18.5252
17.911
18.4206
18.213
18.4418
18.2615
18.4071
18.2127
17.92
17.8226
17.8758
18.0638
17.9527
18.4
18.5563
18.1431
18.123
18.3335
18.412
18.0127
18.0642
17.9592
17.8811
18.3366
18.0484
18.0572
18.1698
18.4453
18.0384
17.8588
17.8149
18.0364
18.3928
17.87
18.3
18.0817
18.1289
18.281
18.2721
18.3143
18.1768
18.4938
18.3482
18.1735
17.8245
17.996
18.0405
18.4236
18.0728
18.8856
18.1915
18.4168
18.2219
17.7143
18.6451
18.3664
18.337
18.1904
18.2284
18.3766
18.2599
18.2993
18.0258
17.7968
18.3052
18.4436
18.1715
18.128
18.1641
17.8864
18.6083
18.2615
18.3129
18.1475
17.8984
17.8445
18.5507
17.7643
17.9888
18.3604
18.9658
18.1089
17.8783
18.3132
17.9102
17.959
18.2682
17.9508
17.8545
18.4034
18.0794
18.098
17.8591
18.0634
18.2542
18.0778
18.563
17.8293
17.6941
17.9867
17.829
18.1667
18.0246
17.9455
17.8367
18.1439
17.9733
18.6832
18.1125
18.3044
17.8854
18.541
18.0959
18.2593
18.3184
18.1695
18.2598
18.3023
18.6809
17.8049
18.402
18.697
18.2438
18.278
18.1997
18.845
18.6579
18.8084
18.8202
18.4554
18.519
18.7342
18.097
17.7692
18.5265
18.0444
17.9573
18.2183
17.7818
18.2145
18.4081
18.0814
18.2638
17.8821
18.1553
18.1658
18.1415
18.3938
18.2012
18.0627
18.4874
18.3088
17.9896
18.1671
18.1896
18.3602
18.1518
18.1792
18.2768
18.5741
18.2017
18.3548
18.1319
18.1214
18.2645
17.9421
18.2832
18.5433
17.8729
18.1133
18.2699
18.182
17.8791
18.3082
18.5309
18.1543
18.101
18.3681
18.3296
18.3337
18.4023
18.3663
18.4987
17.9189
18.1753
18.3469
18.3975
18.228
18.4092
18.4205
18.46
17.9655
18.2829
18.2106
18.3763
18.6546
18.1116
18.1606
